timestamp,p_x,p_y,p_z,v_x,v_y,v_z,q_w,q_x,q_y,q_z
0.000000,5.500000,0.000000,0.000000,-0.000000,4.180000,0.437000,1.000000,0.000000,0.000000,0.000000
0.030000,5.494185,0.126300,0.013603,-0.387666,4.239976,0.469873,0.999644,0.001735,0.004062,0.026320
0.060000,5.479688,0.253690,0.027971,-0.578833,4.252707,0.487987,0.999672,0.001143,0.000722,0.025565
0.090000,5.460781,0.381063,0.042636,-0.681622,4.238865,0.489667,0.998633,0.000246,-0.000593,0.052270
0.120000,5.439118,0.507757,0.057247,-0.762585,4.207391,0.484422,0.998509,-0.000088,0.001435,0.054572
0.150000,5.415115,0.633639,0.071683,-0.837599,4.184696,0.477955,0.997812,0.001393,0.001152,0.066094
0.180000,5.388950,0.758830,0.085874,-0.906755,4.161409,0.468114,0.997213,0.001194,0.001871,0.074571
0.210000,5.360771,0.883373,0.099738,-0.971826,4.141461,0.456140,0.996381,0.001390,0.001570,0.084973
0.240000,5.330674,1.007324,0.113203,-1.034643,4.121955,0.441528,0.995445,0.001611,0.001440,0.095312
0.270000,5.298707,1.130692,0.126208,-1.096464,4.102564,0.425503,0.994376,0.001655,0.001579,0.105883
0.300000,5.264897,1.253480,0.138723,-1.157574,4.083313,0.408837,0.993185,0.001744,0.001511,0.116522
0.330000,5.229239,1.375688,0.150728,-1.219586,4.063880,0.391503,0.991855,0.001787,0.001454,0.127348
0.360000,5.191681,1.497297,0.162206,-1.284311,4.043353,0.373695,0.990361,0.001747,0.001251,0.138494
0.390000,5.152127,1.618268,0.173146,-1.352613,4.021390,0.355631,0.988756,0.001706,0.001148,0.149525
0.420000,5.110464,1.738563,0.183543,-1.424883,3.998309,0.337511,0.987032,0.001593,0.001005,0.160513
0.450000,5.066566,1.858145,0.193393,-1.501654,3.973773,0.319102,0.985136,0.001328,0.000744,0.171767
0.480000,5.020296,1.976957,0.202682,-1.583052,3.947050,0.300170,0.983122,0.001218,0.000603,0.182945
0.510000,4.971524,2.094941,0.211400,-1.668381,3.918571,0.281070,0.981001,0.001145,0.000489,0.193999
0.540000,4.920152,2.212048,0.219542,-1.756412,3.888559,0.261710,0.978746,0.001108,0.000371,0.205073
0.570000,4.866111,2.328229,0.227098,-1.846349,3.856798,0.242030,0.976381,0.001121,0.000289,0.216054
0.600000,4.809362,2.443434,0.234062,-1.936897,3.823590,0.222239,0.973909,0.001264,0.000364,0.226933
0.630000,4.749899,2.557623,0.240431,-2.027295,3.788962,0.202322,0.971342,0.001450,0.000401,0.237680
0.660000,4.687735,2.670745,0.246198,-2.116984,3.752498,0.182185,0.968700,0.001579,0.000255,0.248228
0.690000,4.622893,2.782740,0.251355,-2.205830,3.713840,0.161627,0.965757,0.001692,0.000280,0.259444
0.720000,4.555409,2.893541,0.255889,-2.293113,3.672898,0.140651,0.962868,0.001830,0.000348,0.269966
0.750000,4.485335,3.003088,0.259790,-2.378492,3.630265,0.119407,0.959770,0.001873,0.000302,0.280781
0.780000,4.412726,3.111326,0.263041,-2.462104,3.585622,0.097323,0.956602,0.001836,0.000196,0.291392
0.810000,4.337638,3.218193,0.265619,-2.543727,3.538822,0.074530,0.953287,0.001703,-0.000026,0.302060
0.840000,4.260129,3.323622,0.267498,-2.623574,3.489788,0.050730,0.949901,0.001656,-0.000160,0.312548
0.870000,4.180251,3.427548,0.268655,-2.701590,3.438589,0.026397,0.946441,0.001683,-0.000375,0.322871
0.900000,4.098061,3.529902,0.269074,-2.777798,3.385033,0.001573,0.942763,0.001652,-0.000349,0.333458
0.930000,4.013617,3.630608,0.268743,-2.851762,3.328696,-0.023644,0.939027,0.001614,-0.000432,0.343840
0.960000,3.926981,3.729586,0.267656,-2.924012,3.269840,-0.048820,0.935166,0.001595,-0.000478,0.354207
0.990000,3.838206,3.826758,0.265818,-2.994305,3.208261,-0.073743,0.931259,0.001600,-0.000410,0.364355
1.020000,3.747352,3.922046,0.263240,-3.062618,3.144307,-0.098124,0.927144,0.001924,-0.000549,0.374700
1.050000,3.654482,4.015373,0.259938,-3.128701,3.077490,-0.121995,0.922952,0.001864,-0.000409,0.384911
1.080000,3.559662,4.106667,0.255933,-3.192661,3.008741,-0.144992,0.918722,0.001976,-0.000542,0.394899
1.110000,3.462958,4.195866,0.251249,-3.254241,2.937881,-0.167285,0.914221,0.001991,-0.000537,0.405210
1.140000,3.364444,4.282915,0.245908,-3.313372,2.865359,-0.188790,0.909762,0.002039,-0.000651,0.415125
1.170000,3.264190,4.367763,0.239933,-3.370237,2.791212,-0.209569,0.905043,0.002067,-0.000711,0.425314
1.200000,3.162268,4.450363,0.233343,-3.424575,2.715441,-0.229765,0.900340,0.002103,-0.000810,0.435181
1.230000,3.058748,4.530665,0.226158,-3.476763,2.638045,-0.249193,0.895427,0.002127,-0.000875,0.445203
1.260000,2.953697,4.608619,0.218401,-3.526641,2.558895,-0.267946,0.890457,0.002153,-0.000975,0.455062
1.290000,2.847177,4.684174,0.210092,-3.574689,2.478066,-0.286035,0.885314,0.002170,-0.001043,0.464987
1.320000,2.739242,4.757275,0.201251,-3.620927,2.395318,-0.303315,0.880084,0.002187,-0.001126,0.474811
1.350000,2.629944,4.827866,0.191906,-3.665634,2.310806,-0.319676,0.874697,0.002196,-0.001187,0.484664
1.380000,2.519329,4.895895,0.182082,-3.708724,2.224470,-0.335267,0.869211,0.002215,-0.001262,0.494435
1.410000,2.407442,4.961305,0.171804,-3.750364,2.136185,-0.349929,0.863584,0.002220,-0.001316,0.504199
1.440000,2.294330,5.024035,0.161102,-3.790476,2.045812,-0.363544,0.857845,0.002230,-0.001385,0.513902
1.470000,2.180030,5.084027,0.150006,-3.829520,1.953663,-0.376189,0.851974,0.002228,-0.001440,0.523577
1.500000,2.064576,5.141224,0.138545,-3.867383,1.859465,-0.387884,0.845994,0.002226,-0.001503,0.533186
1.530000,1.948002,5.195570,0.126748,-3.904204,1.763580,-0.398580,0.839856,0.002213,-0.001546,0.542803
1.560000,1.830344,5.247017,0.114645,-3.939683,1.666247,-0.408299,0.833608,0.002208,-0.001605,0.552349
1.590000,1.711642,5.295533,0.102267,-3.973791,1.568095,-0.416879,0.827219,0.002190,-0.001646,0.561873
1.620000,1.591937,5.341093,0.089646,-4.006567,1.469252,-0.424516,0.820711,0.002166,-0.001701,0.571337
1.650000,1.471264,5.383678,0.076814,-4.038267,1.369768,-0.430948,0.814019,0.002138,-0.001749,0.580831
1.680000,1.349660,5.423274,0.063805,-4.068688,1.269933,-0.436355,0.807234,0.002094,-0.001788,0.590225
1.710000,1.227164,5.459875,0.050651,-4.097682,1.170159,-0.440555,0.800355,0.002044,-0.001824,0.599520
1.740000,1.103820,5.493484,0.037391,-4.125270,1.070439,-0.443464,0.793344,0.001993,-0.001888,0.608768
1.770000,0.979675,5.524104,0.024062,-4.151084,0.970872,-0.445153,0.786215,0.001935,-0.001904,0.617947
1.800000,0.854778,5.551742,0.010700,-4.175345,0.871659,-0.445612,0.778994,0.001868,-0.001927,0.627026
1.830000,0.729183,5.576408,-0.002652,-4.197701,0.772757,-0.444543,0.771628,0.001797,-0.001944,0.636068
1.860000,0.602945,5.598112,-0.015950,-4.218139,0.674185,-0.442006,0.764080,0.001696,-0.001925,0.645116
1.890000,0.476129,5.616863,-0.029150,-4.236278,0.575890,-0.437986,0.756325,0.001570,-0.001834,0.654191
1.920000,0.348803,5.632667,-0.042210,-4.252072,0.477685,-0.432667,0.748649,0.001552,-0.001860,0.662963
1.950000,0.221032,5.645526,-0.055090,-4.266056,0.379617,-0.425994,0.740912,0.001558,-0.001886,0.671597
1.980000,0.092865,5.655443,-0.067753,-4.278350,0.281490,-0.418189,0.733072,0.001573,-0.001886,0.680147
2.010000,-0.035641,5.662416,-0.080165,-4.288723,0.183361,-0.409268,0.725118,0.001590,-0.001868,0.688620
2.040000,-0.164430,5.666448,-0.092294,-4.297265,0.085459,-0.399343,0.717054,0.001613,-0.001830,0.697014
2.070000,-0.293447,5.667551,-0.104108,-4.303864,-0.011890,-0.388261,0.708876,0.001651,-0.001790,0.705329
2.100000,-0.422632,5.665748,-0.115577,-4.308448,-0.108329,-0.376354,0.700571,0.001713,-0.001752,0.713579
2.130000,-0.551918,5.661065,-0.126680,-4.310586,-0.203888,-0.363825,0.692061,0.001821,-0.001754,0.721835
2.160000,-0.681230,5.653529,-0.137394,-4.310215,-0.298497,-0.350474,0.683493,0.001842,-0.001749,0.729952
2.190000,-0.810496,5.643166,-0.147695,-4.307535,-0.392360,-0.336239,0.675080,0.001717,-0.001636,0.737741
2.220000,-0.939648,5.629993,-0.157557,-4.302575,-0.485835,-0.321209,0.666567,0.001630,-0.001509,0.745442
2.250000,-1.068611,5.614016,-0.166953,-4.294987,-0.579298,-0.305223,0.657930,0.001545,-0.001359,0.753077
2.280000,-1.197305,5.595238,-0.175859,-4.284650,-0.672607,-0.288493,0.649227,0.001544,-0.001192,0.760592
2.310000,-1.325643,5.573663,-0.184248,-4.271210,-0.765678,-0.270810,0.640500,0.001439,-0.001088,0.767956
2.340000,-1.453536,5.549295,-0.192094,-4.254988,-0.858896,-0.252220,0.631656,0.001305,-0.001045,0.775247
2.370000,-1.580898,5.522131,-0.199374,-4.235779,-0.952045,-0.233150,0.622736,0.001391,-0.000999,0.782430
2.400000,-1.707636,5.492174,-0.206073,-4.213460,-1.045049,-0.213413,0.613780,0.001457,-0.000917,0.789475
2.430000,-1.833660,5.459433,-0.212170,-4.188115,-1.137728,-0.193054,0.604758,0.001271,-0.000883,0.796407
2.460000,-1.958882,5.423915,-0.217646,-4.160022,-1.230117,-0.171995,0.595653,0.001327,-0.000942,0.803241
2.490000,-2.083222,5.385635,-0.222483,-4.129300,-1.321908,-0.150501,0.586514,0.001195,-0.000954,0.809938
2.520000,-2.206605,5.344609,-0.226672,-4.096261,-1.413164,-0.128765,0.577305,0.000991,-0.001088,0.816528
2.550000,-2.328964,5.300850,-0.230205,-4.060959,-1.504045,-0.106795,0.568008,0.001103,-0.001311,0.823021
2.580000,-2.450229,5.254373,-0.233080,-4.023394,-1.594419,-0.084883,0.558655,0.000936,-0.001327,0.829399
2.610000,-2.570335,5.205193,-0.235295,-3.983705,-1.684272,-0.062763,0.549194,0.001011,-0.001395,0.835693
2.640000,-2.689217,5.153328,-0.236843,-3.941760,-1.773404,-0.040406,0.539717,0.000895,-0.001364,0.841845
2.670000,-2.806812,5.098801,-0.237716,-3.897866,-1.861722,-0.017802,0.530118,0.000944,-0.001404,0.847922
2.700000,-2.923059,5.041640,-0.237911,-3.851969,-1.949044,0.004819,0.520514,0.000865,-0.001369,0.853852
2.730000,-3.037898,4.981872,-0.237427,-3.803954,-2.035436,0.027440,0.510797,0.000886,-0.001407,0.859700
2.760000,-3.151267,4.919528,-0.236266,-3.754000,-2.120833,0.049955,0.501058,0.000833,-0.001384,0.865412
2.790000,-3.263108,4.854637,-0.234428,-3.702038,-2.205255,0.072535,0.491227,0.000820,-0.001422,0.871030
2.820000,-3.373359,4.787231,-0.231918,-3.648008,-2.288463,0.094852,0.481377,0.000785,-0.001391,0.876512
2.850000,-3.481962,4.717349,-0.228738,-3.592210,-2.370366,0.117136,0.471397,0.000787,-0.001414,0.881919
2.880000,-3.588865,4.645030,-0.224893,-3.534673,-2.450905,0.139184,0.461442,0.000742,-0.001416,0.887169
2.910000,-3.694018,4.570318,-0.220394,-3.475509,-2.529871,0.160778,0.451374,0.000730,-0.001410,0.892333
2.940000,-3.797370,4.493260,-0.215250,-3.414639,-2.607317,0.182152,0.441272,0.000703,-0.001390,0.897372
2.970000,-3.898874,4.413901,-0.209471,-3.352277,-2.683288,0.203092,0.431065,0.000698,-0.001372,0.902320
3.000000,-3.998483,4.332287,-0.203074,-3.288319,-2.757662,0.223402,0.420906,0.000703,-0.001322,0.907103
3.030000,-4.096149,4.248466,-0.196076,-3.222726,-2.830388,0.243122,0.410556,0.000693,-0.001328,0.911834
3.060000,-4.191824,4.162486,-0.188500,-3.155665,-2.901639,0.261922,0.400290,0.000654,-0.001352,0.916387
3.090000,-4.285466,4.074389,-0.180371,-3.087095,-2.971483,0.279988,0.389846,0.000624,-0.001364,0.920879
3.120000,-4.377028,3.984219,-0.171715,-3.017072,-3.039870,0.297104,0.379425,0.000616,-0.001341,0.925222
3.150000,-4.466467,3.892019,-0.162561,-2.945478,-3.106748,0.313159,0.368891,0.000609,-0.001308,0.929472
3.180000,-4.553740,3.797836,-0.152940,-2.872778,-3.172163,0.328238,0.358383,0.000632,-0.001221,0.933574
3.210000,-4.638813,3.701714,-0.142879,-2.798763,-3.235976,0.342468,0.347768,0.000652,-0.001209,0.937580
3.240000,-4.721650,3.603702,-0.132409,-2.723685,-3.298130,0.355592,0.337127,0.000649,-0.001192,0.941458
3.270000,-4.802222,3.503855,-0.121560,-2.647738,-3.358327,0.367622,0.326410,0.000689,-0.001209,0.945227
3.300000,-4.880499,3.402230,-0.110367,-2.570769,-3.416699,0.378629,0.315676,0.000635,-0.001217,0.948866
3.330000,-4.956454,3.298885,-0.098858,-2.492881,-3.472941,0.388608,0.304955,0.000644,-0.001187,0.952366
3.360000,-5.030061,3.193880,-0.087064,-2.414271,-3.527436,0.397677,0.294132,0.000667,-0.001124,0.955764
3.390000,-5.101296,3.087269,-0.075014,-2.334732,-3.579968,0.405622,0.283279,0.000780,-0.001044,0.959037
3.420000,-5.170128,2.979108,-0.062741,-2.254052,-3.630760,0.412595,0.272409,0.000755,-0.001039,0.962181
3.450000,-5.236521,2.869448,-0.050274,-2.172128,-3.679885,0.418544,0.261503,0.000790,-0.001049,0.965202
3.480000,-5.300436,2.758341,-0.037647,-2.088905,-3.727260,0.423276,0.250580,0.000813,-0.001023,0.968095
3.510000,-5.361839,2.645838,-0.024893,-2.004610,-3.772909,0.426952,0.239616,0.000909,-0.000922,0.970867
3.540000,-5.420695,2.532002,-0.012053,-1.919160,-3.816197,0.429067,0.228801,0.001100,-0.000568,0.973472
3.570000,-5.476973,2.416909,0.000829,-1.832702,-3.856630,0.429725,0.217709,0.001388,-0.000310,0.976013
3.600000,-5.530642,2.300648,0.013713,-1.745208,-3.894136,0.429204,0.206797,0.001201,-0.000320,0.978383
3.630000,-5.581680,2.183305,0.026569,-1.657313,-3.928717,0.427866,0.195884,0.001259,-0.000246,0.980626
3.660000,-5.630073,2.064971,0.039366,-1.568881,-3.960209,0.425280,0.184854,0.001231,-0.000270,0.982765
3.690000,-5.675804,1.945738,0.052071,-1.479839,-3.988660,0.421698,0.174014,0.001163,-0.000281,0.984742
3.720000,-5.718857,1.825699,0.064655,-1.390361,-4.013966,0.417239,0.162820,0.001253,-0.000297,0.986655
3.750000,-5.759221,1.704945,0.077088,-1.300620,-4.036306,0.411633,0.151912,0.001218,-0.000193,0.988393
3.780000,-5.796888,1.583564,0.089338,-1.210491,-4.055731,0.405066,0.140738,0.001287,-0.000138,0.990046
3.810000,-5.831843,1.461643,0.101378,-1.119820,-4.072326,0.397547,0.129703,0.001285,0.000015,0.991552
3.840000,-5.864064,1.339265,0.113174,-1.028254,-4.086241,0.388875,0.118499,0.001360,0.000092,0.992953
3.870000,-5.893520,1.216503,0.124700,-0.935478,-4.097841,0.379500,0.107321,0.001400,0.000147,0.994223
3.900000,-5.920171,1.093425,0.135928,-0.841257,-4.107398,0.369083,0.096056,0.001467,0.000192,0.995375
3.930000,-5.943963,0.970084,0.146834,-0.744910,-4.115357,0.357985,0.084841,0.001547,0.000253,0.996393
3.960000,-5.964838,0.846528,0.157392,-0.646760,-4.121691,0.345869,0.073437,0.001551,0.000293,0.997299
3.990000,-5.982746,0.722802,0.167575,-0.547080,-4.126676,0.332982,0.062016,0.001650,0.000323,0.998074
4.020000,-5.997645,0.598942,0.177359,-0.446229,-4.130656,0.319266,0.050606,0.001658,0.000348,0.998717
4.050000,-6.009500,0.474977,0.186720,-0.344073,-4.133670,0.304803,0.039157,0.001669,0.000430,0.999232
4.080000,-6.018277,0.350935,0.195634,-0.241080,-4.135819,0.289476,0.027806,0.001681,0.000280,0.999612
4.110000,-6.023959,0.226836,0.204077,-0.137669,-4.137426,0.273368,0.016175,0.001698,0.000133,0.999868
4.140000,-6.026541,0.102700,0.212029,-0.034518,-4.138335,0.256790,0.004462,0.001517,0.000006,0.999989
4.170000,-6.026040,-0.021457,0.219475,0.067922,-4.138795,0.239582,0.006966,-0.001710,-0.000143,-0.999974
4.200000,-6.022472,-0.145618,0.226389,0.169978,-4.138611,0.221363,0.018591,-0.001586,-0.000136,-0.999826
4.230000,-6.015857,-0.269761,0.232746,0.270993,-4.137609,0.202427,0.030137,-0.001703,-0.000230,-0.999544
4.260000,-6.006224,-0.393861,0.238525,0.371251,-4.135696,0.182866,0.041624,-0.001567,-0.000164,-0.999132
4.290000,-5.993592,-0.517889,0.243708,0.470851,-4.132846,0.162653,0.053157,-0.001533,-0.000094,-0.998585
4.320000,-5.977984,-0.641810,0.248276,0.569659,-4.128552,0.141877,0.064668,-0.001364,0.000084,-0.997906
4.350000,-5.959427,-0.765584,0.252210,0.667525,-4.123071,0.120401,0.075972,-0.001467,0.000057,-0.997109
4.380000,-5.937949,-0.889169,0.255485,0.764332,-4.115916,0.097922,0.087411,-0.001350,0.000106,-0.996171
4.410000,-5.913582,-1.012512,0.258077,0.860118,-4.106932,0.074893,0.098711,-0.001330,0.000088,-0.995115
4.440000,-5.886353,-1.135554,0.259970,0.955116,-4.095906,0.051311,0.110032,-0.001262,0.000057,-0.993927
4.470000,-5.856285,-1.258232,0.261150,1.049457,-4.082625,0.027329,0.121203,-0.001223,-0.000039,-0.992627
4.500000,-5.823394,-1.380479,0.261605,1.143235,-4.067170,0.003012,0.132505,-0.001167,-0.000045,-0.991182
4.530000,-5.787704,-1.502228,0.261326,1.236114,-4.049401,-0.021567,0.143628,-0.001133,-0.000090,-0.989631
4.560000,-5.749241,-1.623409,0.260311,1.328076,-4.029368,-0.046122,0.154745,-0.001033,-0.000236,-0.987954
4.590000,-5.708032,-1.743957,0.258559,1.419193,-4.007148,-0.070672,0.165575,-0.001044,-0.000358,-0.986197
4.620000,-5.664105,-1.863803,0.256071,1.509272,-3.982568,-0.095235,0.176913,-0.001030,-0.000361,-0.984226
4.650000,-5.617492,-1.982881,0.252846,1.598274,-3.955989,-0.119711,0.187468,-0.001109,-0.000402,-0.982270
4.680000,-5.568224,-2.101130,0.248888,1.686275,-3.927276,-0.144176,0.198993,-0.001102,-0.000358,-0.980000
4.710000,-5.516344,-2.218492,0.244202,1.772395,-3.896867,-0.168232,0.209491,-0.001124,-0.000364,-0.977810
4.740000,-5.461908,-2.334923,0.238802,1.856661,-3.865171,-0.191779,0.220800,-0.001190,-0.000357,-0.975318
4.770000,-5.404976,-2.450381,0.232706,1.938802,-3.832051,-0.214607,0.231358,-0.001181,-0.000406,-0.972868
4.800000,-5.345616,-2.564825,0.225935,2.018570,-3.797557,-0.236810,0.242382,-0.001218,-0.000451,-0.970180
4.830000,-5.283901,-2.678202,0.218514,2.095744,-3.760896,-0.257874,0.253074,-0.001126,-0.000609,-0.967446
4.860000,-5.219907,-2.790445,0.210476,2.170488,-3.721950,-0.278021,0.263852,-0.001290,-0.000548,-0.964562
4.890000,-5.153699,-2.901482,0.201842,2.243406,-3.680494,-0.297594,0.274372,-0.001346,-0.000474,-0.961623
4.920000,-5.085323,-3.011234,0.192635,2.315004,-3.636302,-0.316211,0.284467,-0.001369,-0.000338,-0.958685
4.950000,-5.014814,-3.119611,0.182876,2.385568,-3.588864,-0.334368,0.295129,-0.001744,-0.000323,-0.955456
4.980000,-4.942208,-3.226512,0.172581,2.454825,-3.537847,-0.351949,0.305958,-0.001699,-0.000253,-0.952043
5.010000,-4.867556,-3.331844,0.161771,2.521985,-3.484294,-0.368744,0.316445,-0.001790,-0.000215,-0.948609
5.040000,-4.790919,-3.435534,0.150473,2.587165,-3.428373,-0.384416,0.327033,-0.001844,-0.000188,-0.945011
5.070000,-4.712347,-3.537501,0.138722,2.650960,-3.369440,-0.398990,0.337539,-0.001956,-0.000217,-0.941309
5.100000,-4.631865,-3.637653,0.126552,2.714477,-3.307351,-0.412391,0.347433,-0.002076,-0.000203,-0.937703
5.130000,-4.549473,-3.735880,0.114003,2.778382,-3.241159,-0.424196,0.358534,-0.002176,-0.000183,-0.933514
5.160000,-4.465156,-3.832046,0.101121,2.842741,-3.169873,-0.434628,0.368910,-0.002290,-0.000205,-0.929462
5.190000,-4.378897,-3.926007,0.087951,2.907840,-3.094213,-0.443365,0.379072,-0.002376,-0.000181,-0.925364
5.220000,-4.290685,-4.017637,0.074542,2.972958,-3.014449,-0.450554,0.389822,-0.002498,-0.000197,-0.920887
5.250000,-4.200527,-4.106822,0.060942,3.037587,-2.931183,-0.456096,0.399800,-0.002635,-0.000270,-0.916599
5.280000,-4.108449,-4.193466,0.047201,3.100955,-2.845132,-0.459947,0.410581,-0.002663,-0.000277,-0.911820
5.310000,-4.014507,-4.277498,0.033370,3.161817,-2.756971,-0.462139,0.420703,-0.002743,-0.000331,-0.907194
5.340000,-3.918781,-4.358864,0.019497,3.219951,-2.667447,-0.462739,0.431104,-0.002782,-0.000369,-0.902298
5.370000,-3.821351,-4.437528,0.005633,3.275390,-2.576788,-0.461546,0.441350,-0.002798,-0.000455,-0.897330
5.400000,-3.722298,-4.513450,-0.008171,3.328094,-2.484727,-0.458690,0.451561,-0.002829,-0.000531,-0.892235
5.430000,-3.621708,-4.586595,-0.021867,3.377943,-2.391604,-0.454410,0.461758,-0.002873,-0.000605,-0.887001
5.460000,-3.519660,-4.656929,-0.035412,3.425245,-2.297300,-0.448538,0.471931,-0.002920,-0.000701,-0.881630
5.490000,-3.416227,-4.724414,-0.048760,3.470257,-2.201729,-0.441374,0.482163,-0.003005,-0.000849,-0.876076
5.520000,-3.311480,-4.789015,-0.061877,3.512914,-2.104964,-0.433072,0.492082,-0.002858,-0.000903,-0.870544
5.550000,-3.205482,-4.850698,-0.074720,3.553586,-2.007253,-0.423134,0.502307,-0.002927,-0.000911,-0.864684
5.580000,-3.098292,-4.909442,-0.087249,3.592454,-1.909043,-0.412101,0.512320,-0.002854,-0.000961,-0.858789
5.610000,-2.989963,-4.965236,-0.099423,3.629446,-1.810536,-0.399543,0.522527,-0.002752,-0.001033,-0.852618
5.640000,-2.880549,-5.018076,-0.111206,3.664834,-1.712153,-0.385960,0.532584,-0.002672,-0.001107,-0.846373
5.670000,-2.770094,-5.067974,-0.122568,3.698833,-1.614371,-0.371523,0.542633,-0.002571,-0.001213,-0.839965
5.700000,-2.658636,-5.114955,-0.133485,3.731667,-1.517663,-0.356264,0.552781,-0.002354,-0.001391,-0.833322
5.730000,-2.546207,-5.159054,-0.143938,3.763644,-1.422274,-0.340594,0.563110,-0.002158,-0.001718,-0.826378
5.760000,-2.432835,-5.200315,-0.153919,3.794491,-1.328454,-0.324835,0.573425,-0.001904,-0.002202,-0.819253
5.790000,-2.318557,-5.238792,-0.163429,3.824021,-1.236670,-0.309132,0.583196,-0.001846,-0.002682,-0.812326
5.820000,-2.203399,-5.274528,-0.172466,3.853204,-1.145731,-0.293349,0.593011,-0.001638,-0.002715,-0.805189
5.850000,-2.087369,-5.307532,-0.181022,3.882107,-1.054549,-0.277056,0.603214,-0.001412,-0.002939,-0.797575
5.880000,-1.970461,-5.337776,-0.189084,3.911783,-0.961714,-0.260386,0.612562,-0.001172,-0.003110,-0.790419
5.910000,-1.852637,-5.365195,-0.196638,3.943105,-0.866218,-0.243231,0.622222,-0.001001,-0.003430,-0.782839
5.940000,-1.733851,-5.389704,-0.203683,3.976009,-0.767720,-0.226469,0.631432,-0.000635,-0.004179,-0.775429
5.970000,-1.614070,-5.411218,-0.210224,4.009380,-0.666583,-0.209590,0.640832,-0.000461,-0.004187,-0.767682
6.000000,-1.493288,-5.429672,-0.216247,4.042742,-0.563631,-0.191935,0.649857,-0.000196,-0.004306,-0.760062
6.030000,-1.371514,-5.445024,-0.221725,4.075514,-0.459842,-0.173238,0.658855,0.000177,-0.004421,-0.752280
6.060000,-1.248776,-5.457257,-0.226635,4.107022,-0.355731,-0.154126,0.667790,0.000203,-0.004541,-0.744365
6.090000,-1.125114,-5.466372,-0.230965,4.137103,-0.251939,-0.134569,0.676571,0.000100,-0.004538,-0.736398
6.120000,-1.000578,-5.472387,-0.234709,4.165337,-0.149004,-0.114999,0.685214,-0.000092,-0.004415,-0.728368
6.150000,-0.875227,-5.475344,-0.237860,4.191404,-0.048170,-0.095091,0.693669,-0.000373,-0.004168,-0.720324
6.180000,-0.749131,-5.475323,-0.240409,4.214950,0.049615,-0.074803,0.701752,-0.000810,-0.003800,-0.712455
6.210000,-0.622373,-5.472423,-0.242347,4.235600,0.143687,-0.054385,0.709908,-0.001141,-0.003607,-0.704329
6.240000,-0.495044,-5.466758,-0.243668,4.252969,0.233946,-0.033738,0.717962,-0.001360,-0.003389,-0.696114
6.270000,-0.367247,-5.458448,-0.244359,4.266868,0.320103,-0.012324,0.725900,-0.001546,-0.003094,-0.687829
6.300000,-0.239087,-5.447625,-0.244399,4.277143,0.401426,0.009649,0.733804,-0.001768,-0.002699,-0.679385
6.330000,-0.110671,-5.434437,-0.243770,4.283939,0.477775,0.032326,0.741548,-0.001900,-0.002750,-0.670918
6.360000,0.017883,-5.419017,-0.242454,4.286312,0.550224,0.055381,0.749060,-0.001975,-0.002285,-0.662516
6.390000,0.146440,-5.401460,-0.240444,4.284168,0.620240,0.078639,0.756511,-0.002001,-0.002705,-0.653987
6.420000,0.274848,-5.381803,-0.237738,4.276365,0.690216,0.101728,0.763863,-0.002103,-0.002430,-0.645382
6.450000,0.402948,-5.360028,-0.234343,4.263594,0.761454,0.124651,0.771040,-0.002137,-0.002596,-0.636785
6.480000,0.530579,-5.336076,-0.230258,4.245120,0.835344,0.147636,0.778396,-0.002018,-0.002646,-0.627769
6.510000,0.657574,-5.309854,-0.225483,4.221250,0.912793,0.170730,0.785377,-0.002089,-0.002860,-0.619011
6.540000,0.783783,-5.281254,-0.220021,4.192649,0.993895,0.193433,0.792383,-0.002275,-0.002937,-0.610014
6.570000,0.909065,-5.250153,-0.213891,4.159517,1.079478,0.215223,0.799479,-0.002567,-0.002903,-0.600682
6.600000,1.033301,-5.216417,-0.207117,4.122893,1.169618,0.236389,0.806285,-0.002818,-0.002817,-0.591515
6.630000,1.156398,-5.179926,-0.199719,4.083580,1.263111,0.256790,0.813036,-0.003182,-0.002609,-0.582199
6.660000,1.278284,-5.140599,-0.191714,4.042128,1.358666,0.276836,0.819830,-0.003613,-0.001869,-0.572593
6.690000,1.398910,-5.098380,-0.183114,3.999638,1.455948,0.296553,0.825871,-0.004006,-0.001924,-0.563841
6.720000,1.518235,-5.053220,-0.173928,3.955319,1.554739,0.315845,0.832526,-0.003959,-0.001639,-0.553969
6.750000,1.636207,-5.005089,-0.164162,3.909520,1.653953,0.335216,0.838480,-0.004052,-0.001626,-0.544915
6.780000,1.752793,-4.953985,-0.153817,3.862873,1.752971,0.354432,0.844829,-0.003953,-0.001367,-0.535019
6.810000,1.867984,-4.899933,-0.142899,3.816511,1.850489,0.373439,0.850537,-0.003999,-0.001240,-0.525899
6.840000,1.981805,-4.842993,-0.131424,3.771579,1.945533,0.391557,0.856353,-0.004536,-0.000722,-0.516371
6.870000,2.094296,-4.783240,-0.119422,3.727779,2.038005,0.408578,0.861966,-0.004477,-0.000433,-0.506946
6.900000,2.205466,-4.720743,-0.106922,3.683566,2.128466,0.424773,0.867607,-0.004246,-0.000118,-0.497233
6.930000,2.315287,-4.655549,-0.093941,3.637874,2.217806,0.440577,0.873033,-0.004027,0.000198,-0.487645
6.960000,2.423709,-4.587687,-0.080499,3.590205,2.306326,0.455606,0.878420,-0.003774,0.000525,-0.477874
6.990000,2.530665,-4.517173,-0.066615,3.540246,2.394601,0.469970,0.883598,-0.003478,0.000864,-0.468233
7.020000,2.636090,-4.444011,-0.052309,3.488036,2.482854,0.483777,0.888767,-0.003143,0.001211,-0.458347
7.050000,2.739917,-4.368212,-0.037600,3.433756,2.570450,0.496826,0.893640,-0.002746,0.001497,-0.448773
7.080000,2.842094,-4.289801,-0.022510,3.378059,2.656952,0.509157,0.898507,-0.002490,0.001793,-0.438948
7.110000,2.942593,-4.208826,-0.007067,3.321892,2.741325,0.520379,0.903076,-0.002211,0.002220,-0.429470
7.140000,3.041411,-4.125360,0.008698,3.265998,2.823118,0.530638,0.907768,-0.002049,0.002563,-0.419460
7.170000,3.138555,-4.039480,0.024750,3.210232,2.902202,0.539461,0.912146,-0.002051,0.003104,-0.409848
7.200000,3.234030,-3.951268,0.041044,3.154790,2.978621,0.546857,0.916519,-0.001940,0.003656,-0.399970
7.230000,3.327847,-3.860802,0.057536,3.099643,3.052403,0.552553,0.920747,-0.001809,0.004241,-0.390132
7.260000,3.420011,-3.768161,0.074168,3.044638,3.123669,0.556301,0.924854,-0.001780,0.004856,-0.380286
7.290000,3.510538,-3.673424,0.090878,2.990536,3.192109,0.557673,0.928700,-0.002098,0.005424,-0.370786
7.320000,3.599455,-3.576676,0.107592,2.937236,3.257769,0.556596,0.932630,-0.002201,0.006218,-0.360773
7.350000,3.686783,-3.477991,0.124239,2.884599,3.321236,0.553183,0.936262,-0.002161,0.006865,-0.351230
7.380000,3.772530,-3.377434,0.140754,2.831909,3.382573,0.547841,0.940072,-0.002194,0.007675,-0.340883
7.410000,3.856695,-3.275058,0.157086,2.779064,3.442476,0.540956,0.943520,-0.002223,0.008561,-0.331197
7.440000,3.939256,-3.170893,0.173192,2.725012,3.501866,0.532755,0.947041,-0.002178,0.009393,-0.320966
7.470000,4.020160,-3.064930,0.189034,2.668597,3.562377,0.523368,0.950289,-0.002120,0.010258,-0.311192
7.500000,4.099309,-2.957105,0.204579,2.607982,3.625938,0.513006,0.953529,-0.002004,0.011099,-0.301089
7.530000,4.176552,-2.847297,0.219795,2.541573,3.694595,0.501388,0.956529,-0.001857,0.011880,-0.291390
7.560000,4.251698,-2.735312,0.234643,2.468136,3.771053,0.488489,0.959296,-0.001685,0.012434,-0.282125
7.590000,4.324546,-2.620946,0.249082,2.388443,3.853377,0.474112,0.962436,-0.001593,0.013809,-0.271152
7.620000,4.394955,-2.504048,0.263070,2.305492,3.939835,0.458435,0.964792,-0.001574,0.014876,-0.262589
7.650000,4.462858,-2.384531,0.276553,2.221335,4.027928,0.440373,0.967755,-0.001564,0.015754,-0.251396
7.680000,4.528237,-2.262397,0.289451,2.137309,4.114355,0.419492,0.969851,-0.001701,0.016801,-0.243115
7.710000,4.591088,-2.137676,0.301680,2.052718,4.200374,0.395807,0.972449,-0.001671,0.017364,-0.232464
7.740000,4.651367,-2.010402,0.313162,1.965915,4.284525,0.369639,0.974442,-0.002034,0.018807,-0.223840
7.770000,4.709054,-1.880661,0.323815,1.879875,4.364910,0.340587,0.976850,-0.002159,0.019235,-0.213048
7.800000,4.764207,-1.748631,0.333541,1.796990,4.437095,0.307817,0.978584,-0.001934,0.020436,-0.204824
7.830000,4.816960,-1.614632,0.342225,1.719832,4.496143,0.271132,0.980708,-0.002052,0.020924,-0.194343
7.860000,4.867504,-1.479153,0.349741,1.649787,4.535790,0.229923,0.982054,-0.002155,0.021709,-0.187331
7.890000,4.916068,-1.342815,0.355959,1.587852,4.553429,0.184586,0.983783,-0.002166,0.022204,-0.177970
7.920000,4.962859,-1.206290,0.360764,1.531531,4.548256,0.135740,0.985345,-0.002170,0.022701,-0.169041
7.950000,5.008026,-1.070252,0.364059,1.479594,4.520903,0.083959,0.986925,-0.002238,0.023012,-0.159515
7.980000,5.051686,-0.935370,0.365767,1.431068,4.471266,0.029918,0.988330,-0.002512,0.023173,-0.150535
8.010000,5.093897,-0.802284,0.365843,1.383012,4.401127,-0.024871,0.989801,-0.002664,0.023433,-0.140489
8.040000,5.134600,-0.671564,0.364286,1.330514,4.313551,-0.078905,0.991121,-0.003053,0.023474,-0.130842
8.070000,5.173598,-0.543656,0.361143,1.269324,4.213598,-0.130682,0.992419,-0.003706,0.023590,-0.120557
8.100000,5.210579,-0.418867,0.356490,1.196126,4.105676,-0.179481,0.993776,-0.003775,0.023015,-0.108929
8.130000,5.245129,-0.297375,0.350425,1.107150,3.993806,-0.224893,0.995103,-0.004117,0.022165,-0.096235
8.160000,5.276754,-0.179230,0.343059,1.001228,3.882522,-0.266141,0.996238,-0.004188,0.021662,-0.083807
8.190000,5.304961,-0.064374,0.334543,0.879245,3.774584,-0.301571,0.997214,-0.004290,0.021040,-0.071435
8.220000,5.329235,0.047373,0.325075,0.739025,3.675195,-0.329659,0.998031,-0.004496,0.020531,-0.059101
8.250000,5.349004,0.156352,0.314859,0.578853,3.590063,-0.351382,0.998858,-0.004116,0.018118,-0.044020
8.280000,5.363646,0.263060,0.304081,0.397319,3.523824,-0.367163,0.999510,-0.003969,0.016037,-0.026569
8.310000,5.372643,0.368131,0.292929,0.202446,3.480872,-0.376341,0.999831,-0.003632,0.014578,-0.010636
8.340000,5.375803,0.472280,0.281550,0.008266,3.462392,-0.382202,0.999910,-0.003446,0.012277,0.004148
8.370000,5.373312,0.576174,0.269959,-0.174339,3.463891,-0.390561,0.999689,-0.003469,0.008543,0.023157
8.400000,5.365621,0.680396,0.258112,-0.338427,3.484279,-0.399221,0.999318,-0.002683,0.007917,0.035958
8.430000,5.353305,0.785508,0.246073,-0.482612,3.523154,-0.403417,0.998710,-0.001276,0.006811,0.050302
8.460000,5.336897,0.891928,0.233939,-0.611276,3.571525,-0.405475,0.997868,-0.000231,0.005820,0.065001
8.490000,5.316846,0.999854,0.221755,-0.725455,3.623530,-0.406787,0.996692,0.000612,0.004693,0.081133
8.520000,5.293512,1.109359,0.209532,-0.830156,3.676780,-0.408129,0.995725,0.000890,0.003986,0.092281
8.550000,5.267110,1.220432,0.197263,-0.929958,3.728100,-0.409787,0.994317,0.001300,0.002948,0.106414
8.580000,5.237772,1.332943,0.184933,-1.025890,3.772661,-0.412186,0.993001,0.001342,0.002364,0.118074
8.610000,5.205599,1.446688,0.172522,-1.119027,3.810310,-0.415214,0.991410,0.001410,0.001597,0.130775
8.640000,5.170655,1.561439,0.160013,-1.210536,3.839788,-0.418711,0.989823,0.001351,0.001134,0.142291
8.670000,5.132971,1.676969,0.147397,-1.301722,3.862188,-0.422392,0.988191,0.001228,0.000773,0.153217
8.700000,5.092541,1.793031,0.134670,-1.393623,3.875321,-0.426083,0.986172,0.001178,0.000322,0.165722
8.730000,5.049329,1.909349,0.121830,-1.487158,3.879210,-0.429920,0.984320,0.000970,0.000037,0.176390
8.760000,5.003290,2.025667,0.108874,-1.582119,3.875275,-0.433772,0.982085,0.000927,-0.000345,0.188436
8.790000,4.954390,2.141760,0.095805,-1.677874,3.864282,-0.437524,0.979947,0.000800,-0.000464,0.199255
8.820000,4.902617,2.257446,0.082632,-1.773670,3.848135,-0.440638,0.977575,0.000755,-0.000688,0.210584
8.850000,4.847973,2.372575,0.069375,-1.869299,3.827140,-0.443167,0.975173,0.000769,-0.000746,0.221442
8.880000,4.790469,2.487010,0.056057,-1.964252,3.801818,-0.444710,0.972601,0.001022,-0.000679,0.232477
8.910000,4.730128,2.600624,0.042706,-2.058524,3.772452,-0.445398,0.970049,0.001252,-0.000843,0.242905
8.940000,4.666969,2.713297,0.029347,-2.152037,3.739081,-0.445164,0.967204,0.001372,-0.000814,0.253998
8.970000,4.601031,2.824910,0.016009,-2.243867,3.701795,-0.444055,0.964313,0.001435,-0.000793,0.264760
9.000000,4.532367,2.935366,0.002719,-2.333713,3.661934,-0.441926,0.961295,0.001596,-0.000661,0.275514
9.030000,4.461047,3.044593,-0.010493,-2.420925,3.619844,-0.438855,0.958196,0.001675,-0.000647,0.286106
9.060000,4.387149,3.152520,-0.023601,-2.505608,3.575339,-0.435016,0.954962,0.001695,-0.000671,0.296722
9.090000,4.310744,3.259076,-0.036583,-2.588075,3.528393,-0.430491,0.951619,0.001660,-0.000784,0.307276
9.120000,4.231897,3.364190,-0.049426,-2.668435,3.479188,-0.425693,0.948246,0.001749,-0.000967,0.317531
9.150000,4.150673,3.467789,-0.062116,-2.746439,3.427402,-0.420277,0.944638,0.001682,-0.000848,0.328109
9.180000,4.067148,3.569795,-0.074631,-2.821934,3.373029,-0.414068,0.940989,0.001636,-0.000896,0.338433
9.210000,3.981390,3.670135,-0.086948,-2.895223,3.316254,-0.407081,0.937204,0.001598,-0.000893,0.348777
9.240000,3.893466,3.768728,-0.099043,-2.966383,3.256660,-0.399269,0.933373,0.001582,-0.000843,0.358903
9.270000,3.803437,3.865487,-0.110890,-3.035549,3.193953,-0.390524,0.929333,0.001638,-0.000892,0.369239
9.300000,3.711366,3.960322,-0.122453,-3.102533,3.128334,-0.380355,0.925223,0.001630,-0.000747,0.379421
9.330000,3.617318,4.053150,-0.133688,-3.167351,3.060231,-0.368602,0.921086,0.001727,-0.000802,0.389355
9.360000,3.521358,4.143903,-0.144551,-3.229954,2.989935,-0.355596,0.916642,0.001738,-0.000814,0.399705
9.390000,3.423559,4.232515,-0.155001,-3.289979,2.917533,-0.341083,0.912279,0.001781,-0.000866,0.409565
9.420000,3.323997,4.318928,-0.164998,-3.347485,2.843347,-0.325425,0.907625,0.001816,-0.000924,0.419776
9.450000,3.222750,4.403093,-0.174510,-3.402342,2.767639,-0.308674,0.903022,0.001857,-0.000961,0.429589
9.480000,3.119892,4.484964,-0.183503,-3.454834,2.690448,-0.290878,0.898180,0.001892,-0.001022,0.439622
9.510000,3.015493,4.564493,-0.191948,-3.505115,2.611496,-0.272105,0.893307,0.001931,-0.001073,0.449442
9.540000,2.909618,4.641631,-0.199821,-3.553251,2.531026,-0.252756,0.888247,0.001960,-0.001130,0.459361
9.570000,2.802325,4.716328,-0.207101,-3.599574,2.448754,-0.232614,0.883099,0.001987,-0.001176,0.469181
9.600000,2.693669,4.788530,-0.213765,-3.644200,2.364754,-0.211649,0.877799,0.002006,-0.001238,0.479024
9.630000,2.583695,4.858183,-0.219796,-3.687358,2.278775,-0.190419,0.872390,0.002014,-0.001278,0.488805
9.660000,2.472451,4.925231,-0.225179,-3.728911,2.191049,-0.168433,0.866845,0.002017,-0.001342,0.498572
9.690000,2.359978,4.989616,-0.229896,-3.769278,2.101324,-0.146053,0.861176,0.002019,-0.001377,0.508301
9.720000,2.246313,5.051285,-0.233940,-3.808443,2.009908,-0.123511,0.855381,0.002020,-0.001424,0.517993
9.750000,2.131487,5.110180,-0.237303,-3.846592,1.916447,-0.100696,0.849447,0.002018,-0.001457,0.527668
9.780000,2.015533,5.166242,-0.239979,-3.883672,1.821021,-0.077724,0.843425,0.002001,-0.001492,0.537240
9.810000,1.898483,5.219417,-0.241961,-3.919641,1.723978,-0.054384,0.837246,0.001971,-0.001522,0.546821
9.840000,1.780374,5.269664,-0.243244,-3.954342,1.625823,-0.031131,0.830942,0.001941,-0.001559,0.556353
9.870000,1.661242,5.316952,-0.243827,-3.987779,1.526686,-0.007753,0.824507,0.001909,-0.001587,0.565846
9.900000,1.541128,5.361254,-0.243709,-4.019805,1.426813,0.015620,0.817947,0.001873,-0.001610,0.575289
9.930000,1.420070,5.402557,-0.242887,-4.050718,1.326690,0.039165,0.811202,0.001837,-0.001634,0.584760
9.960000,1.298108,5.440851,-0.241363,-4.080086,1.226267,0.062461,0.804374,0.001786,-0.001660,0.594119
9.990000,1.175284,5.476133,-0.239140,-4.108164,1.125859,0.085700,0.797448,0.001719,-0.001678,0.603382
10.020000,1.051639,5.508403,-0.236223,-4.134837,1.025448,0.108767,0.790392,0.001643,-0.001714,0.612597
10.050000,0.927220,5.537665,-0.232614,-4.159821,0.925356,0.131826,0.783213,0.001548,-0.001710,0.621749
10.080000,0.802076,5.563928,-0.228320,-4.183068,0.825508,0.154476,0.775937,0.001435,-0.001698,0.630807
10.110000,0.676261,5.587202,-0.223348,-4.204593,0.726086,0.176976,0.768497,0.001309,-0.001693,0.639850
10.140000,0.549832,5.607499,-0.217705,-4.223994,0.627104,0.199259,0.760922,0.001178,-0.001647,0.648841
10.170000,0.422853,5.624830,-0.211395,-4.241295,0.528278,0.221354,0.753136,0.001025,-0.001547,0.657863
10.200000,0.295385,5.639201,-0.204430,-4.256577,0.429757,0.243005,0.745405,0.000994,-0.001540,0.666609
10.230000,0.167487,5.650618,-0.196825,-4.269963,0.331403,0.264018,0.737609,0.001007,-0.001536,0.675225
10.260000,0.039210,5.659088,-0.188602,-4.281816,0.233234,0.284170,0.729707,0.001043,-0.001514,0.683758
10.290000,-0.089393,5.664618,-0.179785,-4.291744,0.135431,0.303607,0.721691,0.001098,-0.001478,0.692213
10.320000,-0.218268,5.667227,-0.170397,-4.299895,0.038521,0.322268,0.713558,0.001174,-0.001437,0.700594
10.350000,-0.347355,5.666943,-0.160465,-4.305953,-0.057438,0.339839,0.705293,0.001283,-0.001412,0.708913
10.380000,-0.476592,5.663799,-0.150026,-4.309834,-0.152189,0.356159,0.696838,0.001438,-0.001431,0.717225
10.410000,-0.605910,5.657829,-0.139113,-4.311358,-0.245761,0.371362,0.688496,0.001446,-0.001394,0.725238
10.440000,-0.735237,5.649064,-0.127763,-4.310452,-0.338612,0.385279,0.679822,0.001470,-0.001435,0.733374
10.470000,-0.864499,5.637514,-0.116018,-4.306961,-0.431359,0.397754,0.671461,0.001322,-0.001321,0.741037
10.500000,-0.993617,5.623183,-0.103913,-4.300904,-0.524088,0.409242,0.662845,0.001259,-0.001219,0.748755
10.530000,-1.122511,5.606065,-0.091481,-4.292051,-0.617099,0.419556,0.654212,0.001267,-0.001080,0.756310
10.560000,-1.251096,5.586153,-0.078761,-4.280265,-0.710368,0.428405,0.645528,0.001193,-0.000986,0.763735
10.590000,-1.379282,5.563439,-0.065794,-4.265484,-0.803898,0.436084,0.636737,0.001136,-0.000948,0.771079
10.620000,-1.506981,5.537915,-0.052614,-4.247824,-0.897679,0.442610,0.627872,0.001003,-0.000928,0.778315
10.650000,-1.634104,5.509578,-0.039256,-4.227034,-0.991439,0.447864,0.618887,0.001191,-0.000918,0.785478
10.680000,-1.760560,5.478429,-0.025762,-4.203317,-1.085154,0.451752,0.609970,0.000944,-0.000847,0.792424
10.710000,-1.886262,5.444471,-0.012167,-4.176844,-1.178749,0.454573,0.600870,0.000981,-0.000953,0.799345
10.740000,-2.011131,5.407711,0.001490,-4.147784,-1.271914,0.455931,0.591788,0.000858,-0.000965,0.806092
10.770000,-2.135093,5.368164,0.015169,-4.116297,-1.364520,0.455950,0.582588,0.000797,-0.001072,0.812766
10.800000,-2.258073,5.325849,0.028824,-4.082418,-1.456482,0.454417,0.573389,0.000522,-0.001262,0.819282
10.830000,-2.380006,5.280788,0.042408,-4.046436,-1.547620,0.451159,0.564039,0.000642,-0.001424,0.825747
10.860000,-2.500825,5.233005,0.055872,-4.008176,-1.637890,0.446465,0.554676,0.000463,-0.001396,0.832065
10.890000,-2.620467,5.182529,0.069181,-3.967928,-1.727209,0.440790,0.545195,0.000522,-0.001462,0.838308
10.920000,-2.738869,5.129388,0.082298,-3.925572,-1.815527,0.433683,0.535709,0.000406,-0.001438,0.844401
10.950000,-2.855968,5.073616,0.095183,-3.880978,-1.902577,0.425353,0.526094,0.000436,-0.001481,0.850425
10.980000,-2.971697,5.015249,0.107805,-3.834322,-1.988576,0.416095,0.516482,0.000370,-0.001473,0.856297
11.010000,-3.085996,4.954318,0.120133,-3.785580,-2.073488,0.405771,0.506736,0.000373,-0.001512,0.862100
11.040000,-3.198801,4.890853,0.132135,-3.734783,-2.157484,0.394335,0.496994,0.000335,-0.001514,0.867752
11.070000,-3.310053,4.824886,0.143781,-3.682038,-2.240330,0.382056,0.487130,0.000314,-0.001540,0.873328
11.100000,-3.419693,4.756450,0.155043,-3.627237,-2.322095,0.368792,0.477267,0.000314,-0.001560,0.878757
11.130000,-3.527657,4.685576,0.165895,-3.570414,-2.402793,0.354684,0.467259,0.000303,-0.001587,0.884119
11.160000,-3.633889,4.612304,0.176311,-3.511706,-2.482065,0.339654,0.457309,0.000270,-0.001628,0.889306
11.190000,-3.738334,4.536672,0.186262,-3.451307,-2.560062,0.323762,0.447178,0.000288,-0.001607,0.894444
11.220000,-3.840943,4.458722,0.195726,-3.389258,-2.636577,0.307164,0.437075,0.000294,-0.001599,0.899424
11.250000,-3.941663,4.378497,0.204680,-3.325455,-2.711781,0.289779,0.426823,0.000320,-0.001595,0.904334
11.280000,-4.040447,4.296037,0.213101,-3.260094,-2.785523,0.271649,0.416661,0.000330,-0.001534,0.909061
11.310000,-4.137247,4.211388,0.220970,-3.193226,-2.857746,0.252914,0.406263,0.000369,-0.001558,0.913755
11.340000,-4.232014,4.124594,0.228266,-3.124611,-2.928499,0.233477,0.395975,0.000343,-0.001597,0.918260
11.370000,-4.324702,4.035699,0.234968,-3.054589,-2.997856,0.213323,0.385473,0.000350,-0.001625,0.922717
11.400000,-4.415268,3.944744,0.241055,-2.983162,-3.065827,0.192518,0.375031,0.000369,-0.001620,0.927011
11.430000,-4.503672,3.851769,0.246508,-2.910430,-3.132509,0.171031,0.364446,0.000403,-0.001597,0.931223
11.460000,-4.589874,3.756819,0.251314,-2.836360,-3.197483,0.149313,0.353921,0.000459,-0.001513,0.935274
11.490000,-4.673839,3.659947,0.255459,-2.761295,-3.260671,0.127077,0.343271,0.000524,-0.001482,0.939235
11.520000,-4.755537,3.561205,0.258930,-2.685229,-3.322092,0.104272,0.332587,0.000580,-0.001447,0.943071
11.550000,-4.834943,3.460652,0.261712,-2.608510,-3.381490,0.081203,0.321871,0.000692,-0.001412,0.946782
11.580000,-4.912040,3.358350,0.263800,-2.531278,-3.438635,0.058005,0.311071,0.000680,-0.001349,0.950385
11.610000,-4.986810,3.254365,0.265190,-2.453410,-3.493645,0.034692,0.300324,0.000778,-0.001248,0.953836
11.640000,-5.059229,3.148760,0.265879,-2.374547,-3.546718,0.011216,0.289422,0.000932,-0.001137,0.957200
11.670000,-5.129268,3.041592,0.265864,-2.294715,-3.597835,-0.012216,0.278596,0.000969,-0.001138,0.960407
11.700000,-5.196900,2.932912,0.265148,-2.214057,-3.647457,-0.035487,0.267654,0.001020,-0.001157,0.963514
11.730000,-5.262096,2.822768,0.263740,-2.132332,-3.695525,-0.058383,0.256752,0.001067,-0.001182,0.966476
11.760000,-5.324824,2.711209,0.261651,-2.049571,-3.741709,-0.080909,0.245767,0.001109,-0.001202,0.969327
11.790000,-5.385060,2.598293,0.258890,-1.966155,-3.786061,-0.103186,0.234861,0.001128,-0.001179,0.972028
11.820000,-5.442781,2.484077,0.255468,-1.881899,-3.828329,-0.124912,0.223967,0.001144,-0.001081,0.974595
11.850000,-5.497963,2.368633,0.251399,-1.796928,-3.867899,-0.146333,0.212932,0.001222,-0.001043,0.977066
11.880000,-5.550584,2.252041,0.246694,-1.711113,-3.904948,-0.167359,0.201943,0.001316,-0.000962,0.979396
11.910000,-5.600617,2.134381,0.241366,-1.624424,-3.939010,-0.187820,0.191004,0.001338,-0.000836,0.981588
11.940000,-5.648036,2.015744,0.235433,-1.536845,-3.970148,-0.207769,0.180041,0.001455,-0.000710,0.983658
11.970000,-5.692808,1.896215,0.228909,-1.447936,-3.998473,-0.227114,0.169198,0.001399,-0.000673,0.985581
12.000000,-5.734897,1.775880,0.221814,-1.358011,-4.023862,-0.245889,0.157914,0.001480,-0.000646,0.987451
12.030000,-5.774278,1.654829,0.214166,-1.267393,-4.046206,-0.263991,0.147041,0.001468,-0.000540,0.989129
12.060000,-5.810935,1.533150,0.205990,-1.176375,-4.065705,-0.281088,0.135825,0.001537,-0.000438,0.990731
12.090000,-5.844850,1.410929,0.197311,-1.084682,-4.082342,-0.297518,0.124803,0.001544,-0.000259,0.992180
12.120000,-5.876002,1.288250,0.188151,-0.992096,-4.096239,-0.313118,0.113604,0.001626,-0.000128,0.993525
12.150000,-5.904358,1.165192,0.178540,-0.898285,-4.107639,-0.327598,0.102437,0.001691,-0.000015,0.994738
12.180000,-5.929877,1.041824,0.168509,-0.802992,-4.116904,-0.341168,0.091196,0.001790,0.000105,0.995831
12.210000,-5.952512,0.918206,0.158083,-0.705976,-4.124295,-0.353884,0.079986,0.001881,0.000260,0.996794
12.240000,-5.972214,0.794390,0.147290,-0.607525,-4.130126,-0.365635,0.068635,0.001869,0.000349,0.997640
12.270000,-5.988944,0.670422,0.136163,-0.507798,-4.134361,-0.376219,0.057253,0.001901,0.000477,0.998358
12.300000,-6.002667,0.546348,0.124733,-0.407060,-4.137272,-0.385778,0.045832,0.001903,0.000636,0.998947
12.330000,-6.013349,0.422204,0.113033,-0.305116,-4.138966,-0.394220,0.034394,0.001960,0.000691,0.999406
12.360000,-6.020963,0.298027,0.101097,-0.202429,-4.139519,-0.401467,0.023027,0.001935,0.000592,0.999733
12.390000,-6.025490,0.173847,0.088960,-0.099388,-4.139181,-0.407669,0.011363,0.001901,0.000509,0.999934
12.420000,-6.026928,0.049688,0.076661,0.003502,-4.138064,-0.412298,0.000310,-0.001688,-0.000341,-0.999998
12.450000,-6.025288,-0.074430,0.064238,0.105833,-4.136446,-0.415892,0.011799,-0.001915,-0.000357,-0.999928
12.480000,-6.020583,-0.198494,0.051717,0.207844,-4.134482,-0.418848,0.023434,-0.001823,-0.000280,-0.999724
12.510000,-6.012826,-0.322496,0.039122,0.309282,-4.132310,-0.420827,0.034925,-0.001885,-0.000019,-0.999388
12.540000,-6.002033,-0.446428,0.026478,0.410266,-4.129843,-0.422103,0.046467,-0.001718,0.000178,-0.998918
12.570000,-5.988223,-0.570273,0.013813,0.510418,-4.126512,-0.422233,0.058122,-0.001476,0.000470,-0.998308
12.600000,-5.971424,-0.694007,0.001154,0.609472,-4.122378,-0.421708,0.069408,-0.001490,0.000531,-0.997587
12.630000,-5.951671,-0.817599,-0.011482,0.707437,-4.117115,-0.420651,0.080924,-0.001367,0.000560,-0.996719
12.660000,-5.928990,-0.941007,-0.024075,0.804587,-4.110061,-0.418909,0.092241,-0.001227,0.000574,-0.995736
12.690000,-5.903406,-1.064174,-0.036605,0.901010,-4.101117,-0.416433,0.103613,-0.001098,0.000577,-0.994617
12.720000,-5.874939,-1.187040,-0.049049,0.996839,-4.089966,-0.413180,0.114879,-0.000959,0.000544,-0.993379
12.750000,-5.843606,-1.309541,-0.061382,1.092021,-4.076722,-0.408969,0.126072,-0.000836,0.000444,-0.992021
12.780000,-5.809429,-1.431608,-0.073575,1.186450,-4.061061,-0.403937,0.137336,-0.000714,0.000410,-0.990524
12.810000,-5.772433,-1.553172,-0.085606,1.279940,-4.043217,-0.398117,0.148434,-0.000603,0.000311,-0.988922
12.840000,-5.732650,-1.674166,-0.097448,1.372269,-4.023078,-0.391329,0.159512,-0.000444,0.000058,-0.987196
12.870000,-5.690120,-1.794522,-0.109072,1.463044,-4.000639,-0.383622,0.170273,-0.000462,-0.000262,-0.985397
12.900000,-5.644886,-1.914165,-0.120452,1.552575,-3.975598,-0.375030,0.181588,-0.000372,-0.000274,-0.983375
12.930000,-5.596989,-2.033025,-0.131561,1.640549,-3.948364,-0.365585,0.192121,-0.000526,-0.000498,-0.981371
12.960000,-5.546475,-2.151034,-0.142374,1.727033,-3.918932,-0.355276,0.203583,-0.000429,-0.000417,-0.979058
12.990000,-5.493400,-2.268136,-0.152860,1.811279,-3.887829,-0.343815,0.214077,-0.000538,-0.000526,-0.976817
13.020000,-5.437837,-2.384286,-0.162988,1.892941,-3.855492,-0.331336,0.225268,-0.000624,-0.000474,-0.974297
13.050000,-5.379859,-2.499440,-0.172724,1.972249,-3.821486,-0.317768,0.235917,-0.000717,-0.000507,-0.971773
13.080000,-5.319537,-2.613551,-0.182035,2.049233,-3.785927,-0.302938,0.246832,-0.000791,-0.000555,-0.969058
13.110000,-5.256938,-2.726565,-0.190879,2.124038,-3.748283,-0.286658,0.257559,-0.000731,-0.000734,-0.966262
13.140000,-5.192124,-2.838412,-0.199215,2.196861,-3.708183,-0.269080,0.268274,-0.000885,-0.000762,-0.963342
13.170000,-5.125150,-2.949012,-0.207009,2.268092,-3.665184,-0.250544,0.278888,-0.001023,-0.000618,-0.960323
13.200000,-5.056055,-3.058283,-0.214235,2.338279,-3.619551,-0.231153,0.288956,-0.001022,-0.000461,-0.957342
13.230000,-4.984865,-3.166143,-0.220867,2.407664,-3.571114,-0.210988,0.299537,-0.001403,-0.000479,-0.954083
13.260000,-4.911616,-3.272498,-0.226884,2.475625,-3.519238,-0.190174,0.310353,-0.001506,-0.000473,-0.950620
13.290000,-4.836355,-3.377259,-0.232267,2.541761,-3.464781,-0.168667,0.320779,-0.001648,-0.000491,-0.947152
13.320000,-4.759128,-3.480343,-0.236997,2.606731,-3.407495,-0.146678,0.331271,-0.001780,-0.000476,-0.943534
13.350000,-4.679953,-3.581656,-0.241061,2.671582,-3.346751,-0.124265,0.341306,-0.001930,-0.000489,-0.939950
13.380000,-4.598822,-3.681079,-0.244447,2.737136,-3.281445,-0.101497,0.352410,-0.002143,-0.000428,-0.935843
13.410000,-4.515718,-3.778467,-0.247146,2.803159,-3.211068,-0.078399,0.362817,-0.002289,-0.000438,-0.931858
13.440000,-4.430623,-3.873677,-0.249152,2.869861,-3.136280,-0.055329,0.372971,-0.002377,-0.000428,-0.927840
13.470000,-4.343525,-3.966586,-0.250462,2.936632,-3.057604,-0.032053,0.383831,-0.002514,-0.000422,-0.923400
13.500000,-4.254442,-4.057081,-0.251074,3.002227,-2.975412,-0.008730,0.394119,-0.002594,-0.000497,-0.919056
13.530000,-4.163412,-4.145073,-0.250985,3.066477,-2.890715,0.014712,0.404338,-0.002701,-0.000561,-0.914606
13.560000,-4.070481,-4.230490,-0.250190,3.128906,-2.803766,0.038236,0.414869,-0.002754,-0.000576,-0.909877
13.590000,-3.975718,-4.313274,-0.248691,3.188615,-2.715193,0.061685,0.425084,-0.002823,-0.000624,-0.905149
13.620000,-3.879206,-4.393381,-0.246488,3.245527,-2.625266,0.085192,0.435396,-0.002873,-0.000665,-0.900234
13.650000,-3.781029,-4.470768,-0.243581,3.299612,-2.533850,0.108656,0.445683,-0.002882,-0.000743,-0.895186
13.680000,-3.681267,-4.545392,-0.239969,3.351174,-2.441071,0.132150,0.455883,-0.002908,-0.000831,-0.890035
13.710000,-3.579995,-4.617211,-0.235659,3.400319,-2.346879,0.155150,0.466098,-0.002948,-0.000949,-0.884728
13.740000,-3.477286,-4.686184,-0.230666,3.446929,-2.251322,0.177713,0.476340,-0.003037,-0.001156,-0.879255
13.770000,-3.373212,-4.752271,-0.225001,3.491348,-2.154452,0.199929,0.486326,-0.002863,-0.001211,-0.873772
13.800000,-3.267842,-4.815438,-0.218674,3.533307,-2.056711,0.221874,0.496551,-0.002963,-0.001210,-0.868002
13.830000,-3.161248,-4.875661,-0.211694,3.572974,-1.958163,0.243477,0.506600,-0.002920,-0.001253,-0.862175
13.860000,-3.053497,-4.932925,-0.204071,3.610435,-1.859423,0.264728,0.516751,-0.002859,-0.001324,-0.856130
13.890000,-2.944657,-4.987225,-0.195820,3.645588,-1.760596,0.285351,0.526890,-0.002821,-0.001417,-0.849928
13.920000,-2.834794,-5.038571,-0.186960,3.678612,-1.662434,0.305328,0.536963,-0.002777,-0.001543,-0.843600
13.950000,-2.723967,-5.086986,-0.177512,3.709816,-1.565264,0.324493,0.547013,-0.002710,-0.001743,-0.837118
13.980000,-2.612227,-5.132511,-0.167504,3.739531,-1.469740,0.342712,0.557223,-0.002506,-0.002080,-0.830357
14.010000,-2.499616,-5.175197,-0.156972,3.767836,-1.375991,0.359425,0.567843,-0.002284,-0.002638,-0.823129
14.040000,-2.386169,-5.215096,-0.145968,3.795349,-1.283953,0.374213,0.577740,-0.002269,-0.003173,-0.816212
14.070000,-2.271895,-5.252245,-0.134539,3.822873,-1.192621,0.387690,0.587550,-0.002159,-0.003213,-0.809179
14.100000,-2.156782,-5.286646,-0.122720,3.851340,-1.100772,0.400269,0.597431,-0.002129,-0.003370,-0.801911
14.130000,-2.040803,-5.318274,-0.110538,3.880576,-1.007797,0.411848,0.607614,-0.001810,-0.003736,-0.794222
14.160000,-1.923929,-5.347087,-0.098027,3.911044,-0.913030,0.422215,0.616973,-0.001660,-0.004070,-0.786973
14.190000,-1.806111,-5.373023,-0.085228,3.943495,-0.816076,0.431087,0.626556,-0.001342,-0.004665,-0.779362
14.220000,-1.687289,-5.396019,-0.072189,3.977979,-0.716988,0.438115,0.635667,-0.001074,-0.005864,-0.771942
14.250000,-1.567405,-5.416018,-0.058988,4.014278,-0.616282,0.441959,0.644509,-0.000942,-0.007259,-0.764564
14.280000,-1.446429,-5.432975,-0.045697,4.050799,-0.514146,0.444155,0.653897,-0.000511,-0.007247,-0.756550
14.310000,-1.324370,-5.446862,-0.032335,4.086465,-0.411676,0.446647,0.662831,-0.000078,-0.007588,-0.748733
14.340000,-1.201261,-5.457673,-0.018909,4.120819,-0.309047,0.448381,0.671771,-0.000169,-0.007839,-0.740720
14.370000,-1.077144,-5.465404,-0.005455,4.153632,-0.206333,0.448590,0.680490,-0.000469,-0.007863,-0.732719
14.400000,-0.952072,-5.470062,0.007988,4.184522,-0.104232,0.447573,0.689063,-0.000902,-0.007654,-0.724665
14.430000,-0.826114,-5.471681,0.021385,4.212643,-0.003714,0.445594,0.697394,-0.001366,-0.007079,-0.716656
14.460000,-0.699359,-5.470336,0.034707,4.237683,0.093422,0.442499,0.705337,-0.001858,-0.007250,-0.708837
14.490000,-0.571914,-5.466135,0.047915,4.258685,0.186608,0.438047,0.713377,-0.002181,-0.007138,-0.700745
14.520000,-0.443908,-5.459195,0.060978,4.275036,0.276060,0.432825,0.721284,-0.002573,-0.007023,-0.692603
14.550000,-0.315485,-5.449625,0.073875,4.286505,0.361975,0.426971,0.729108,-0.003001,-0.006679,-0.684363
14.580000,-0.186790,-5.437536,0.086603,4.293167,0.443969,0.421601,0.736836,-0.003480,-0.005823,-0.676040
14.610000,-0.057963,-5.423049,0.099174,4.295260,0.521820,0.416404,0.744438,-0.003846,-0.005351,-0.667661
14.640000,0.070852,-5.406286,0.111589,4.292444,0.595707,0.411278,0.751822,-0.003986,-0.005011,-0.659337
14.670000,0.199509,-5.387357,0.123844,4.284691,0.666209,0.405719,0.759189,-0.004035,-0.005108,-0.650839
14.700000,0.327856,-5.366342,0.135920,4.271757,0.734763,0.399365,0.766411,-0.004185,-0.004767,-0.642321
14.730000,0.455745,-5.343275,0.147801,4.254197,0.803057,0.392701,0.773612,-0.004223,-0.004432,-0.633631
14.760000,0.583037,-5.318127,0.159470,4.231929,0.873511,0.385218,0.780833,-0.004262,-0.004417,-0.624710
14.790000,0.709577,-5.290784,0.170889,4.204082,0.949321,0.376088,0.788331,-0.004472,-0.003972,-0.615223
14.820000,0.835220,-5.261070,0.182001,4.172074,1.031650,0.364711,0.795080,-0.004621,-0.003670,-0.606476
14.850000,0.959862,-5.228797,0.192737,4.137423,1.119824,0.351001,0.802112,-0.004941,-0.003237,-0.597144
14.880000,1.083433,-5.193819,0.203026,4.100622,1.212104,0.334898,0.808981,-0.005143,-0.002621,-0.587807
14.910000,1.205888,-5.156036,0.212804,4.063043,1.306735,0.316971,0.815663,-0.005402,-0.001697,-0.578500
14.940000,1.327215,-5.115401,0.222015,4.025415,1.402251,0.297143,0.822293,-0.005700,-0.001038,-0.569036
14.970000,1.447412,-5.071885,0.230611,3.987716,1.498797,0.275885,0.828402,-0.005712,-0.000547,-0.560104
15.000000,1.566459,-5.025460,0.238552,3.948751,1.596211,0.253553,0.834947,-0.005507,-0.000161,-0.550303
15.030000,1.684315,-4.976117,0.245814,3.908319,1.693364,0.230598,0.840931,-0.005239,0.000200,-0.541116
15.060000,1.800947,-4.923870,0.252387,3.867160,1.789758,0.207557,0.847109,-0.004912,0.000565,-0.531396
15.090000,1.916328,-4.868759,0.258270,3.824894,1.884269,0.184688,0.852794,-0.004536,0.000821,-0.522227
15.120000,2.030424,-4.810841,0.263474,3.781518,1.976950,0.162239,0.858641,-0.004163,0.001106,-0.512559
15.150000,2.143191,-4.750166,0.268014,3.736310,2.068051,0.140377,0.864097,-0.003836,0.001353,-0.503308
15.180000,2.254573,-4.686776,0.271906,3.689125,2.157975,0.119088,0.869802,-0.003545,0.001688,-0.493386
15.210000,2.364507,-4.620700,0.275171,3.639823,2.247059,0.098586,0.874977,-0.003303,0.001969,-0.484150
15.240000,2.472932,-4.551961,0.277834,3.588525,2.335557,0.078994,0.880476,-0.002976,0.002286,-0.474076
15.270000,2.579783,-4.480575,0.279927,3.534829,2.423501,0.060526,0.885391,-0.002697,0.002564,-0.464833
15.300000,2.684995,-4.406557,0.281479,3.479299,2.511046,0.042898,0.890655,-0.002317,0.002839,-0.454665
15.330000,2.788516,-4.329925,0.282511,3.422091,2.597725,0.025925,0.895309,-0.002184,0.003165,-0.445428
15.360000,2.890310,-4.250715,0.283042,3.364190,2.683001,0.009478,0.900247,-0.001827,0.003392,-0.435363
15.390000,2.990356,-4.168975,0.283087,3.305547,2.766333,-0.006473,0.904720,-0.001581,0.003751,-0.425987
15.420000,3.088640,-4.084774,0.282660,3.246711,2.847056,-0.022004,0.909416,-0.001418,0.004043,-0.415865
15.450000,3.185159,-3.998191,0.281770,3.187940,2.925120,-0.037294,0.913688,-0.001456,0.004572,-0.406389
15.480000,3.279925,-3.909304,0.280420,3.129767,3.000706,-0.052738,0.918062,-0.001413,0.005070,-0.396401
15.510000,3.372950,-3.818195,0.278602,3.071890,3.073211,-0.068480,0.922217,-0.001429,0.005605,-0.386629
15.540000,3.464251,-3.724953,0.276303,3.014820,3.142929,-0.084797,0.926205,-0.001718,0.006079,-0.376967
15.570000,3.553851,-3.629657,0.273501,2.958527,3.210100,-0.101976,0.930169,-0.001755,0.006676,-0.367068
15.600000,3.641768,-3.532383,0.270175,2.902640,3.274888,-0.119756,0.933910,-0.001684,0.007178,-0.357431
15.630000,3.728011,-3.433197,0.266314,2.846871,3.337456,-0.137612,0.937773,-0.001809,0.007949,-0.347152
15.660000,3.812587,-3.332169,0.261922,2.791532,3.397800,-0.155240,0.941343,-0.001923,0.008716,-0.337334
15.690000,3.895498,-3.229348,0.257008,2.735864,3.456887,-0.172365,0.944937,-0.001966,0.009506,-0.327107
15.720000,3.976718,-3.124758,0.251594,2.678806,3.515788,-0.188518,0.948301,-0.002009,0.010293,-0.317199
15.750000,4.056186,-3.018380,0.245712,2.619068,3.576106,-0.203621,0.951622,-0.001996,0.011093,-0.307065
15.780000,4.133792,-2.910143,0.239390,2.554660,3.639663,-0.217845,0.954752,-0.001970,0.011890,-0.297159
15.810000,4.209376,-2.799922,0.232657,2.484255,3.708419,-0.231041,0.957794,-0.001893,0.012656,-0.287169
15.840000,4.282735,-2.687523,0.225537,2.406387,3.784811,-0.243590,0.960513,-0.001838,0.013324,-0.277910
15.870000,4.353661,-2.572739,0.218061,2.321993,3.867494,-0.254825,0.963511,-0.001740,0.014984,-0.267244
15.900000,4.422021,-2.455434,0.210256,2.235325,3.952818,-0.265542,0.965974,-0.002097,0.015678,-0.258155
15.930000,4.487776,-2.335556,0.202131,2.148374,4.039084,-0.276122,0.968815,-0.002103,0.016908,-0.247201
15.960000,4.550922,-2.213085,0.193689,2.061311,4.125654,-0.286677,0.970884,-0.002613,0.017653,-0.238885
15.990000,4.611454,-2.088011,0.184935,1.974158,4.212591,-0.296930,0.973504,-0.003000,0.019521,-0.227816
16.020000,4.669407,-1.960355,0.175874,1.889400,4.297821,-0.307123,0.975487,-0.003396,0.020012,-0.219118
16.050000,4.724890,-1.830179,0.166499,1.809475,4.380539,-0.317870,0.977815,-0.003294,0.021556,-0.208331
16.080000,4.778088,-1.697623,0.156800,1.737082,4.456561,-0.328720,0.979515,-0.003384,0.022502,-0.200079
16.110000,4.829249,-1.562945,0.146763,1.673605,4.521978,-0.340459,0.981450,-0.003418,0.023857,-0.190199
16.140000,4.878652,-1.426517,0.136363,1.619966,4.573209,-0.352832,0.982834,-0.003776,0.024746,-0.182784
16.170000,4.926580,-1.288769,0.125593,1.575239,4.609998,-0.365180,0.984455,-0.003720,0.025937,-0.173674
16.200000,4.973271,-1.150129,0.114459,1.537490,4.632658,-0.377096,0.985895,-0.003521,0.026865,-0.165156
16.230000,5.018912,-1.010998,0.102974,1.505249,4.642776,-0.388542,0.987276,-0.003213,0.027555,-0.156577
16.260000,5.063649,-0.871722,0.091156,1.477157,4.642273,-0.399335,0.988582,-0.002269,0.028086,-0.148025
16.290000,5.107541,-0.732586,0.079038,1.449027,4.633478,-0.408546,0.989859,-0.001825,0.028891,-0.139073
16.320000,5.150514,-0.593774,0.066687,1.415818,4.620611,-0.414833,0.990973,-0.001503,0.029339,-0.130802
16.350000,5.192353,-0.455337,0.054198,1.373474,4.608563,-0.417799,0.992060,-0.001104,0.029645,-0.122216
16.380000,5.232722,-0.317200,0.041659,1.317761,4.600543,-0.418107,0.993126,-0.000904,0.029079,-0.113380
16.410000,5.271225,-0.179200,0.029162,1.249093,4.599488,-0.415006,0.994023,-0.000348,0.030133,-0.104933
16.440000,5.307578,-0.041114,0.016822,1.174430,4.606225,-0.407687,0.994910,-0.000324,0.030359,-0.096089
16.470000,5.341672,0.097269,0.004769,1.098531,4.619323,-0.395819,0.995733,-0.000501,0.032095,-0.086518
