timestamp,p_x,p_y,p_z,v_x,v_y,v_z,q_w,q_x,q_y,q_z
0.000000,5.500000,0.000000,0.000000,-0.000000,4.180000,0.437000,1.000000,0.000000,0.000000,0.000000
0.030000,5.498528,0.125380,0.013121,-0.098122,4.178692,0.437747,0.999931,0.004663,-0.002502,0.010519
0.060000,5.493531,0.250635,0.025731,-0.210865,4.172602,0.422763,0.999741,0.006891,-0.001554,0.021650
0.090000,5.481933,0.374000,0.037214,-0.373057,4.136303,0.399475,0.999393,0.004810,-0.000780,0.034488
0.120000,5.468137,0.496997,0.047612,-0.483244,4.111023,0.379317,0.999150,0.001627,-0.004362,0.040955
0.150000,5.443406,0.623595,0.055276,-0.676139,4.140418,0.336914,0.998485,0.001430,-0.004693,0.054808
0.180000,5.421288,0.750417,0.060725,-0.774823,4.149019,0.293989,0.997970,0.001399,-0.006948,0.063292
0.210000,5.393229,0.879989,0.064389,-0.901392,4.178534,0.248765,0.997130,0.000731,-0.007848,0.075294
0.240000,5.366514,1.006641,0.068620,-0.982764,4.171346,0.218985,0.996356,-0.000155,-0.008776,0.084840
0.270000,5.335969,1.135360,0.070506,-1.074846,4.177911,0.180317,0.995414,0.001926,-0.009463,0.095176
0.300000,5.304310,1.265326,0.073693,-1.152633,4.187842,0.161022,0.994365,0.003227,-0.011250,0.105365
0.330000,5.272342,1.394745,0.077049,-1.216511,4.191250,0.144460,0.993183,0.003412,-0.012824,0.115810
0.360000,5.239865,1.516750,0.077953,-1.279191,4.155337,0.109327,0.991734,-0.000758,-0.012535,0.127695
0.390000,5.208805,1.637221,0.086170,-1.318380,4.117668,0.130403,0.990135,-0.001147,-0.014810,0.139327
0.420000,5.177345,1.760203,0.106061,-1.350128,4.098419,0.195518,0.988460,-0.005449,-0.015036,0.150632
0.450000,5.145825,1.879014,0.119994,-1.381423,4.062568,0.210668,0.986488,-0.006509,-0.014079,0.163098
0.480000,5.113032,1.994327,0.134299,-1.417254,4.005291,0.220575,0.984508,-0.006805,-0.012702,0.174745
0.510000,5.077309,2.108045,0.148772,-1.467215,3.946503,0.226636,0.982253,-0.006842,-0.010952,0.187118
0.540000,5.028427,2.214412,0.169083,-1.610580,3.838225,0.272925,0.979226,-0.005277,-0.010959,0.202408
0.570000,4.977719,2.312120,0.174422,-1.733660,3.674612,0.231962,0.976996,-0.006072,-0.009677,0.212950
0.600000,4.924137,2.421436,0.187369,-1.832933,3.640826,0.241894,0.973931,-0.004544,-0.010060,0.226576
0.630000,4.869271,2.519718,0.189558,-1.927842,3.518220,0.177683,0.971722,-0.003616,-0.007410,0.235986
0.660000,4.808885,2.626397,0.189109,-2.026241,3.492447,0.143563,0.968427,-0.002706,-0.009149,0.249115
0.690000,4.748296,2.725795,0.188713,-2.109678,3.412713,0.098383,0.965738,-0.002860,-0.008717,0.259356
0.720000,4.687228,2.830369,0.188676,-2.175712,3.395438,0.070439,0.962200,-0.002751,-0.009894,0.272151
0.750000,4.624214,2.929002,0.187796,-2.244869,3.332453,0.033510,0.959098,-0.002901,-0.009674,0.282893
0.780000,4.560835,3.029545,0.187497,-2.302395,3.301849,0.007924,0.955299,-0.002878,-0.010326,0.295448
0.810000,4.486343,3.125725,0.196753,-2.409777,3.223045,0.027272,0.952135,-0.004873,-0.010073,0.305474
0.840000,4.405229,3.228346,0.202705,-2.528418,3.202901,0.019309,0.948280,-0.004081,-0.008888,0.317283
0.870000,4.346573,3.318431,0.245693,-2.520058,3.123832,0.120578,0.945532,-0.000860,-0.000688,0.325526
0.900000,4.266198,3.423904,0.245083,-2.604323,3.145847,0.066761,0.940735,-0.000173,0.001063,0.339141
0.930000,4.181425,3.517956,0.258170,-2.720627,3.121596,0.180494,0.936584,-0.002764,-0.000012,0.350434
0.960000,4.098725,3.610926,0.263538,-2.792687,3.076370,0.177343,0.932040,-0.003863,0.000551,0.362333
0.990000,4.013929,3.702552,0.268829,-2.860385,3.032018,0.175364,0.927678,-0.004478,0.001089,0.373352
1.020000,3.927155,3.792824,0.274060,-2.924532,2.986121,0.173370,0.923010,-0.004503,0.002129,0.384744
1.050000,3.838492,3.881655,0.279216,-2.986347,2.935966,0.170411,0.919151,-0.003222,0.003313,0.393879
1.080000,3.748048,3.968892,0.284288,-3.043265,2.879813,0.167690,0.913318,-0.004995,0.004950,0.407185
1.110000,3.656009,4.054387,0.289286,-3.092656,2.819865,0.165528,0.909599,-0.005901,0.004537,0.415420
1.140000,3.562634,4.138031,0.294230,-3.132361,2.756404,0.164052,0.902901,-0.008529,0.006391,0.429717
1.170000,3.468271,4.219746,0.299127,-3.158456,2.691293,0.162411,0.899417,-0.008802,0.006946,0.436948
1.200000,3.373326,4.299443,0.303927,-3.171237,2.621799,0.157604,0.892000,-0.010547,0.008701,0.451828
1.230000,3.278190,4.376940,0.308525,-3.171169,2.544669,0.148922,0.888344,-0.011995,0.009363,0.458927
1.260000,3.183178,4.451937,0.312764,-3.162928,2.455167,0.133713,0.880518,-0.014111,0.010617,0.473683
1.290000,3.088494,4.523953,0.316432,-3.149345,2.345912,0.110827,0.876068,-0.016450,0.011027,0.481781
1.320000,2.994171,4.592304,0.319281,-3.138887,2.210778,0.079086,0.868698,-0.018852,0.012052,0.494836
1.350000,2.899970,4.656126,0.321037,-3.141158,2.044064,0.037945,0.867271,-0.021051,0.011878,0.497250
1.380000,2.805508,4.714476,0.321426,-3.156330,1.845914,-0.011978,0.854218,-0.025207,0.015702,0.519066
1.410000,2.710531,4.766692,0.320112,-3.175476,1.635146,-0.075624,0.853514,-0.026205,0.014869,0.520199
1.440000,2.614952,4.812640,0.316583,-3.196438,1.428024,-0.159623,0.838468,-0.028803,0.018364,0.543879
1.470000,2.518769,4.852594,0.310207,-3.215798,1.235632,-0.265493,0.837447,-0.028848,0.017270,0.545483
1.500000,2.421901,4.887134,0.300307,-3.242054,1.067041,-0.394466,0.821900,-0.030032,0.020637,0.568466
1.530000,2.324102,4.917094,0.286219,-3.277881,0.930289,-0.544757,0.821218,-0.028525,0.018720,0.569593
1.560000,2.224698,4.943440,0.267341,-3.349020,0.826093,-0.713762,0.804114,-0.028862,0.021029,0.593401
1.590000,2.122284,4.967154,0.243204,-3.478580,0.754834,-0.895392,0.800930,-0.026872,0.015795,0.597945
1.620000,2.014674,4.989110,0.213494,-3.695403,0.708875,-1.085234,0.777238,-0.029518,0.015731,0.628317
1.650000,1.899364,5.010129,0.178082,-3.991955,0.692421,-1.275612,0.775808,-0.028279,0.011594,0.630228
1.680000,1.774258,5.031176,0.137027,-4.348421,0.710736,-1.461378,0.761877,-0.026797,0.010433,0.647083
1.710000,1.638262,5.053207,0.090649,-4.717999,0.757945,-1.630511,0.759140,-0.022904,0.006977,0.650487
1.740000,1.491568,5.076897,0.039578,-5.061639,0.821429,-1.774210,0.743537,-0.015490,0.003637,0.668506
1.770000,1.335540,5.102656,-0.015263,-5.340183,0.895837,-1.881865,0.755919,-0.005205,0.001321,0.654643
1.800000,1.172418,5.130618,-0.072793,-5.534654,0.968304,-1.953437,0.743294,0.005037,-0.004069,0.668933
1.830000,1.004913,5.160338,-0.131894,-5.632299,1.012985,-1.986611,0.740136,0.010276,-0.009358,0.672313
1.860000,0.835590,5.190885,-0.191334,-5.655899,1.023492,-1.976082,0.732676,0.014723,-0.012451,0.680305
1.890000,0.666618,5.221124,-0.249725,-5.608956,0.992422,-1.916647,0.727922,0.020333,-0.015713,0.685178
1.920000,0.500002,5.249751,-0.305629,-5.498770,0.916063,-1.810308,0.723781,0.025653,-0.020111,0.689259
1.950000,0.337579,5.275392,-0.357652,-5.329405,0.793363,-1.657893,0.720363,0.030554,-0.025528,0.692453
1.980000,0.181078,5.296647,-0.404439,-5.104009,0.623589,-1.461201,0.718004,0.035357,-0.033235,0.694345
2.010000,0.032047,5.312094,-0.444769,-4.831365,0.406225,-1.227494,0.719750,0.040076,-0.047712,0.691431
2.040000,-0.108681,5.320352,-0.477892,-4.550544,0.144323,-0.980666,0.742277,0.042543,-0.085304,0.663279
2.070000,-0.241602,5.321247,-0.504304,-4.310859,-0.084665,-0.780173,0.712725,0.085327,-0.144517,0.681071
2.100000,-0.367784,5.315596,-0.525264,-4.101267,-0.292079,-0.617154,0.722291,0.059832,-0.109221,0.680284
2.130000,-0.488505,5.304597,-0.540711,-3.946800,-0.441184,-0.412615,0.714945,0.059653,-0.095771,0.690017
2.160000,-0.604959,5.289716,-0.550203,-3.816784,-0.550874,-0.220229,0.708905,0.060707,-0.085859,0.697422
2.190000,-0.717913,5.272004,-0.554164,-3.713471,-0.629887,-0.043847,0.702196,0.061167,-0.078277,0.705019
2.220000,-0.828144,5.252300,-0.553099,-3.635270,-0.683721,0.114847,0.694986,0.061620,-0.072611,0.712689
2.250000,-0.936394,5.231281,-0.547588,-3.581381,-0.717579,0.252608,0.687576,0.062687,-0.068692,0.720133
2.280000,-1.043401,5.209471,-0.538257,-3.552399,-0.736422,0.369401,0.679430,0.060416,-0.066216,0.728245
2.310000,-1.149869,5.187295,-0.525714,-3.545486,-0.741960,0.466851,0.669552,0.056904,-0.065374,0.737691
2.340000,-1.256396,5.165131,-0.510516,-3.556326,-0.735640,0.546335,0.657246,0.050752,-0.065075,0.749145
2.370000,-1.363491,5.143290,-0.493222,-3.583349,-0.720429,0.606567,0.647292,0.047647,-0.063655,0.758084
2.400000,-1.471567,5.121942,-0.474419,-3.621685,-0.702779,0.646955,0.634035,0.043071,-0.061003,0.769690
2.430000,-1.580768,5.101145,-0.454630,-3.658383,-0.683704,0.672369,0.614853,0.037110,-0.057089,0.785697
2.460000,-1.691009,5.080727,-0.434317,-3.691014,-0.677468,0.681818,0.611934,0.034351,-0.048271,0.788687
2.490000,-1.802061,5.060103,-0.413917,-3.712473,-0.697490,0.678180,0.596317,0.026806,-0.041453,0.801229
2.520000,-1.913466,5.038506,-0.393708,-3.714554,-0.742278,0.669107,0.586590,0.021922,-0.033169,0.808908
2.550000,-2.024687,5.015177,-0.373812,-3.700182,-0.812987,0.657227,0.574570,0.015895,-0.025815,0.817894
2.580000,-2.135238,4.989407,-0.354270,-3.669883,-0.905056,0.645631,0.563573,0.011957,-0.019610,0.825747
2.610000,-2.244722,4.960662,-0.335054,-3.629051,-1.011247,0.635418,0.551548,0.008532,-0.014161,0.833979
2.640000,-2.352894,4.928636,-0.316094,-3.582390,-1.123832,0.628544,0.541344,0.005361,-0.009566,0.840730
2.670000,-2.459639,4.893243,-0.297275,-3.533964,-1.235677,0.626082,0.529685,0.003022,-0.006078,0.848167
2.700000,-2.564943,4.854589,-0.278451,-3.486264,-1.341263,0.628829,0.519252,0.000905,-0.003015,0.854615
2.730000,-2.668836,4.812885,-0.259478,-3.439941,-1.439031,0.636077,0.506656,-0.000421,-0.001328,0.862147
2.760000,-2.771328,4.768348,-0.240217,-3.392867,-1.530092,0.648000,0.495530,-0.002732,0.000604,0.868586
2.790000,-2.872402,4.721171,-0.220520,-3.345389,-1.615044,0.665122,0.483739,-0.004499,0.002044,0.875198
2.820000,-2.972030,4.671530,-0.200242,-3.296495,-1.694371,0.686708,0.472307,-0.006229,0.002973,0.881407
2.850000,-3.067612,4.597907,-0.256157,-3.251535,-2.025300,0.231066,0.461948,-0.000413,-0.004309,0.886896
2.880000,-3.164394,4.535375,-0.249687,-3.200601,-2.143544,0.200280,0.450976,-0.000823,-0.004169,0.892526
2.910000,-3.259651,4.469320,-0.244114,-3.149878,-2.260099,0.171237,0.439866,-0.000885,-0.003947,0.898054
2.940000,-3.353393,4.399800,-0.239372,-3.099584,-2.374565,0.144914,0.428957,-0.000743,-0.003733,0.903317
2.970000,-3.445629,4.326881,-0.235372,-3.049460,-2.486675,0.121745,0.418068,-0.000407,-0.003522,0.908409
3.000000,-3.536342,4.250628,-0.232007,-2.998080,-2.596890,0.102618,0.407440,-0.000002,-0.003080,0.913227
3.030000,-3.625484,4.171090,-0.229138,-2.944732,-2.705617,0.088585,0.396870,0.001323,-0.001406,0.917873
3.060000,-3.712992,4.088335,-0.226610,-2.889118,-2.811404,0.079963,0.386175,0.002461,-0.000797,0.922422
3.090000,-3.798831,4.002478,-0.224253,-2.833503,-2.912414,0.077161,0.375442,0.003689,-0.000641,0.926839
3.120000,-3.883009,3.913687,-0.221892,-2.778311,-3.006983,0.080253,0.364824,0.004880,-0.000560,0.931064
3.150000,-3.965535,3.822159,-0.219339,-2.723442,-3.094899,0.089939,0.354971,0.005897,-0.000145,0.934859
3.180000,-4.046417,3.728102,-0.216393,-2.668685,-3.175548,0.106471,0.344286,0.007320,0.000081,0.938836
3.210000,-4.125648,3.631739,-0.212851,-2.613377,-3.248649,0.129687,0.334069,0.008699,0.000127,0.942509
3.240000,-4.203197,3.533263,-0.208511,-2.556578,-3.316387,0.159615,0.324456,0.010192,0.000089,0.945846
3.270000,-4.279039,3.432855,-0.203176,-2.499542,-3.377528,0.196096,0.313403,0.011204,-0.000332,0.949554
3.300000,-4.353231,3.330749,-0.196634,-2.446575,-3.429538,0.239986,0.303000,0.011999,-0.000929,0.952915
3.330000,-4.425916,3.227192,-0.188678,-2.399140,-3.474235,0.290420,0.293148,0.012705,-0.000847,0.955982
3.360000,-4.497198,3.122337,-0.179115,-2.352961,-3.516101,0.347115,0.282172,0.011755,-0.000161,0.959292
3.390000,-4.567070,3.016212,-0.167815,-2.305159,-3.558869,0.406214,0.270918,0.013819,-0.000101,0.962503
3.420000,-4.635397,2.908696,-0.154785,-2.250030,-3.608904,0.462504,0.257604,0.012535,0.000396,0.966169
3.450000,-4.701922,2.799505,-0.140134,-2.184973,-3.670482,0.514171,0.244133,0.012755,0.001273,0.969657
3.480000,-4.766359,2.688279,-0.124073,-2.110771,-3.744586,0.556623,0.233883,0.013717,0.003291,0.972162
3.510000,-4.828468,2.574719,-0.106842,-2.029881,-3.826107,0.592098,0.221885,0.011435,0.004212,0.974997
3.540000,-4.888081,2.458685,-0.088620,-1.944291,-3.909483,0.622659,0.211850,0.011299,0.002977,0.977232
3.570000,-4.945025,2.340146,-0.069553,-1.852006,-3.993123,0.648507,0.201361,0.008061,0.002322,0.979481
3.600000,-4.999149,2.219190,-0.049783,-1.756254,-4.070602,0.669475,0.190120,0.008407,0.001310,0.981724
3.630000,-5.050387,2.096051,-0.029470,-1.659617,-4.138667,0.684711,0.180588,0.005950,0.001861,0.983539
3.660000,-5.098745,1.971060,-0.008774,-1.564256,-4.194084,0.695015,0.170869,0.005340,0.001494,0.985278
3.690000,-5.144215,1.844584,0.012129,-1.467039,-4.237629,0.698575,0.161861,0.003994,0.002464,0.986802
3.720000,-5.186732,1.716967,0.033073,-1.367427,-4.270186,0.697691,0.151362,0.002062,0.002159,0.988474
3.750000,-5.226276,1.588522,0.053951,-1.268845,-4.292808,0.694179,0.142697,0.000413,0.001786,0.989765
3.780000,-5.262925,1.459547,0.074676,-1.174445,-4.305506,0.687481,0.131483,-0.000834,0.001063,0.991317
3.810000,-5.296824,1.330321,0.095149,-1.085441,-4.309590,0.677335,0.122552,-0.002660,0.000944,0.992458
3.840000,-5.328133,1.201089,0.115250,-1.001856,-4.305854,0.662753,0.111443,-0.003933,-0.000069,0.993763
3.870000,-5.357002,1.072068,0.134848,-0.922714,-4.295540,0.643805,0.102523,-0.006193,0.000538,0.994711
3.900000,-5.383533,0.943433,0.153809,-0.846029,-4.280140,0.620249,0.090850,-0.007468,0.000272,0.995837
3.930000,-5.407755,0.815309,0.171982,-0.768787,-4.261475,0.591246,0.080961,-0.009354,0.000469,0.996673
3.960000,-5.429616,0.687755,0.189215,-0.688618,-4.242068,0.557644,0.068722,-0.011045,0.000011,0.997575
3.990000,-5.449008,0.560788,0.205375,-0.604174,-4.222445,0.519686,0.058371,-0.012886,-0.000343,0.998212
4.020000,-5.465799,0.434412,0.220360,-0.515248,-4.202631,0.479357,0.047018,-0.014734,-0.001780,0.998784
4.050000,-5.479840,0.308645,0.234144,-0.420816,-4.181798,0.439518,0.035714,-0.017922,-0.003943,0.999194
4.080000,-5.490984,0.183510,0.246707,-0.322118,-4.160524,0.398023,0.024739,-0.017385,-0.006121,0.999524
4.110000,-5.499089,0.059037,0.257975,-0.218206,-4.137711,0.353196,0.013064,-0.018999,-0.005638,0.999718
4.140000,-5.504016,-0.064695,0.267885,-0.110261,-4.111103,0.307440,0.002217,-0.018907,-0.004142,0.999810
4.170000,-5.505669,-0.187567,0.276404,0.000051,-4.080355,0.260517,0.009377,0.019857,0.002861,-0.999755
4.200000,-5.503996,-0.309476,0.283497,0.111532,-4.046916,0.212335,0.020300,0.018011,0.001341,-0.999631
4.230000,-5.498925,-0.430384,0.289102,0.226489,-4.013615,0.161370,0.033083,0.016649,0.002203,-0.999312
4.260000,-5.490379,-0.550369,0.293148,0.343237,-3.985369,0.108349,0.044614,0.015104,-0.000048,-0.998890
4.290000,-5.478297,-0.669592,0.295627,0.462283,-3.962794,0.056900,0.057089,0.015557,-0.000822,-0.998248
4.320000,-5.462611,-0.788234,0.296627,0.583437,-3.946736,0.009772,0.069843,0.014484,-0.002549,-0.997450
4.350000,-5.443290,-0.906497,0.296264,0.704622,-3.937418,-0.033989,0.082760,0.013226,-0.004896,-0.996470
4.380000,-5.420384,-1.024585,0.294671,0.822442,-3.935146,-0.072196,0.094482,0.013457,-0.007489,-0.995407
4.410000,-5.394051,-1.142695,0.292049,0.933113,-3.938831,-0.102619,0.106069,0.013272,-0.011084,-0.994208
4.440000,-5.364519,-1.260959,0.288592,1.035666,-3.945416,-0.127832,0.118008,0.011793,-0.013062,-0.992857
4.470000,-5.332000,-1.379440,0.284409,1.132227,-3.953364,-0.151032,0.129964,0.009861,-0.013157,-0.991382
4.500000,-5.296656,-1.498169,0.279548,1.224071,-3.961853,-0.173051,0.142308,0.008581,-0.010854,-0.989726
4.530000,-5.258612,-1.617152,0.274054,1.312183,-3.970364,-0.193204,0.153919,0.007281,-0.008730,-0.988018
4.560000,-5.217967,-1.736360,0.267970,1.397529,-3.976864,-0.212376,0.164891,0.005257,-0.008425,-0.986262
4.590000,-5.174795,-1.855693,0.261324,1.480598,-3.978664,-0.230692,0.175804,0.003870,-0.008182,-0.984384
4.620000,-5.129162,-1.974980,0.254152,1.561604,-3.973818,-0.247453,0.186508,0.002322,-0.007870,-0.982419
4.650000,-5.081122,-2.094000,0.246507,1.641008,-3.960844,-0.262183,0.196895,0.001046,-0.006977,-0.980399
4.680000,-5.030712,-2.212509,0.238461,1.719712,-3.939737,-0.274257,0.205690,0.000458,-0.004702,-0.978606
4.710000,-4.977947,-2.330229,0.230051,1.797936,-3.908236,-0.286413,0.217128,-0.003327,-0.002894,-0.976133
4.740000,-4.922790,-2.446822,0.221283,1.879213,-3.864661,-0.298079,0.224475,-0.003039,-0.002243,-0.974473
4.770000,-4.865143,-2.561898,0.212220,1.963922,-3.807049,-0.306121,0.238254,-0.004758,-0.002021,-0.971189
4.800000,-4.804910,-2.675051,0.202960,2.051583,-3.736536,-0.311259,0.246887,-0.004660,-0.001301,-0.969032
4.830000,-4.741996,-2.785972,0.193595,2.142688,-3.658174,-0.313052,0.260392,-0.004960,0.001331,-0.965489
4.860000,-4.676305,-2.894469,0.184179,2.236690,-3.574977,-0.314649,0.269724,-0.006552,0.000672,-0.962915
4.890000,-4.607819,-3.000494,0.174691,2.329044,-3.493308,-0.317927,0.280847,-0.006378,0.000696,-0.959731
4.920000,-4.536695,-3.104185,0.165081,2.412545,-3.419420,-0.322711,0.289787,-0.006283,0.001268,-0.957070
4.950000,-4.463216,-3.205797,0.155294,2.486075,-3.354740,-0.329806,0.301376,-0.006273,0.001476,-0.953484
4.980000,-4.387616,-3.305518,0.145271,2.553923,-3.293313,-0.338368,0.311600,-0.005692,0.001332,-0.950195
5.010000,-4.310025,-3.403417,0.134985,2.618825,-3.233326,-0.347326,0.322543,-0.005524,0.001323,-0.946538
5.040000,-4.230508,-3.499522,0.124427,2.682325,-3.173641,-0.356546,0.333055,-0.005344,0.001416,-0.942891
5.070000,-4.149090,-3.593836,0.113601,2.745506,-3.113957,-0.365245,0.343839,-0.005218,0.001611,-0.939013
5.100000,-4.065766,-3.686356,0.102536,2.809444,-3.054045,-0.372418,0.354507,-0.005082,0.001885,-0.935038
5.130000,-3.980507,-3.777075,0.091284,2.874516,-2.993884,-0.377677,0.365394,-0.004875,0.002359,-0.930837
5.160000,-3.893271,-3.865981,0.079924,2.941209,-2.933200,-0.379638,0.377009,-0.004242,0.003354,-0.926194
5.190000,-3.804004,-3.953062,0.068539,3.009877,-2.872222,-0.379385,0.387190,-0.004328,0.003136,-0.921984
5.220000,-3.712634,-4.038302,0.057162,3.081471,-2.810399,-0.379059,0.398101,-0.003697,0.002950,-0.917329
5.250000,-3.619085,-4.121671,0.045785,3.155175,-2.747576,-0.379467,0.408511,-0.003141,0.002164,-0.912745
5.280000,-3.523294,-4.203136,0.034355,3.230842,-2.683428,-0.382530,0.419101,-0.002470,0.000588,-0.907936
5.310000,-3.425211,-4.282663,0.022747,3.308053,-2.618377,-0.391276,0.429290,-0.002420,-0.002743,-0.903159
5.340000,-3.324810,-4.360215,0.010804,3.385356,-2.551714,-0.404962,0.439927,-0.000560,-0.003241,-0.898028
5.370000,-3.222125,-4.435784,-0.001597,3.460275,-2.486256,-0.421753,0.449636,-0.001192,-0.004402,-0.893200
5.400000,-3.117273,-4.509452,-0.014544,3.529902,-2.424926,-0.441402,0.460099,-0.000380,-0.004327,-0.887857
5.430000,-3.010516,-4.581421,-0.028081,3.587207,-2.372994,-0.461071,0.470214,-0.000187,-0.004380,-0.882542
5.460000,-2.902238,-4.651963,-0.042205,3.631288,-2.329786,-0.480529,0.479683,-0.000523,-0.004571,-0.877430
5.490000,-2.792787,-4.721238,-0.056885,3.665479,-2.288597,-0.498129,0.489462,-0.000490,-0.004796,-0.872011
5.520000,-2.682411,-4.789216,-0.072049,3.692928,-2.243271,-0.512812,0.498790,-0.001035,-0.004942,-0.866708
5.550000,-2.571256,-4.855684,-0.087599,3.717422,-2.187902,-0.523847,0.508217,-0.001623,-0.004648,-0.861215
5.580000,-2.459346,-4.920272,-0.103406,3.743207,-2.117999,-0.529929,0.516782,-0.002458,-0.003717,-0.856105
5.610000,-2.346599,-4.982534,-0.119273,3.773292,-2.032757,-0.527863,0.525399,-0.002169,-0.000450,-0.850853
5.640000,-2.232944,-5.042126,-0.135023,3.803674,-1.940050,-0.522187,0.535322,-0.004735,-0.003217,-0.844628
5.670000,-2.118438,-5.098911,-0.150574,3.830097,-1.845624,-0.514546,0.544228,-0.003611,-0.001632,-0.838928
5.700000,-2.003193,-5.152924,-0.165845,3.852863,-1.755267,-0.503519,0.553805,-0.005692,-0.004089,-0.832617
5.730000,-1.887286,-5.204211,-0.180780,3.874297,-1.663858,-0.492155,0.562492,-0.004815,-0.003790,-0.826780
5.760000,-1.770736,-5.252763,-0.195348,3.895663,-1.572902,-0.478998,0.572270,-0.006370,-0.005210,-0.820024
5.790000,-1.653510,-5.298545,-0.209522,3.919447,-1.479251,-0.465971,0.580849,-0.006623,-0.005275,-0.813967
5.820000,-1.535520,-5.341493,-0.223312,3.946525,-1.383962,-0.453334,0.590393,-0.009435,-0.005858,-0.807040
5.850000,-1.416681,-5.381546,-0.236735,3.976118,-1.286264,-0.441532,0.598860,-0.009258,-0.005550,-0.800781
5.880000,-1.323166,-5.382441,-0.252675,3.891642,-0.951323,-0.358442,0.613149,-0.011153,-0.006853,-0.789859
5.910000,-1.205828,-5.409300,-0.263002,3.930904,-0.839332,-0.330042,0.622831,-0.011411,-0.006545,-0.782246
5.940000,-1.087310,-5.432937,-0.272444,3.970282,-0.736457,-0.299409,0.632419,-0.011997,-0.006176,-0.774509
5.970000,-0.967665,-5.453661,-0.280929,4.006084,-0.645136,-0.266269,0.642513,-0.012518,-0.005306,-0.766154
6.000000,-0.847002,-5.471787,-0.288385,4.038098,-0.563283,-0.230789,0.651117,-0.012448,-0.005243,-0.758856
6.030000,-0.725414,-5.487503,-0.294778,4.067724,-0.484429,-0.195427,0.660304,-0.011955,-0.006024,-0.750878
6.060000,-0.602994,-5.500814,-0.300117,4.093632,-0.402945,-0.160552,0.669164,-0.010779,-0.005924,-0.743012
6.090000,-0.479844,-5.511632,-0.304414,4.116398,-0.318275,-0.125878,0.677385,-0.010125,-0.006005,-0.735534
6.120000,-0.356070,-5.519857,-0.307689,4.135209,-0.230061,-0.092488,0.685822,-0.009807,-0.006204,-0.727676
6.150000,-0.231800,-5.525365,-0.309997,4.149441,-0.137139,-0.061377,0.693565,-0.009288,-0.006835,-0.720300
6.180000,-0.107179,-5.528035,-0.311389,4.158638,-0.040866,-0.031417,0.701942,-0.008749,-0.006450,-0.712149
6.210000,0.017644,-5.527812,-0.311882,4.162896,0.055747,-0.001405,0.709738,-0.008321,-0.006100,-0.704389
6.240000,0.142533,-5.524721,-0.311458,4.163044,0.150315,0.029665,0.717663,-0.007279,-0.005806,-0.696327
6.270000,0.267369,-5.518850,-0.310095,4.159299,0.241065,0.061168,0.725190,-0.007285,-0.005926,-0.688483
6.300000,0.392061,-5.510293,-0.307779,4.153507,0.329435,0.093228,0.732969,-0.005581,-0.005829,-0.680213
6.330000,0.516526,-5.499099,-0.304490,4.144192,0.416836,0.126083,0.741965,-0.004913,-0.006224,-0.670390
6.360000,0.640661,-5.485251,-0.300225,4.131473,0.506342,0.158247,0.749504,-0.003904,-0.005683,-0.661963
6.390000,0.764380,-5.468690,-0.295007,4.116455,0.597765,0.189620,0.757184,-0.003292,-0.005327,-0.653171
6.420000,0.887599,-5.449360,-0.288877,4.098148,0.690881,0.219004,0.764557,-0.002693,-0.004766,-0.644533
6.450000,1.010222,-5.427204,-0.281894,4.076706,0.786143,0.246534,0.771464,-0.001958,-0.003928,-0.636258
6.480000,1.132153,-5.402172,-0.274118,4.052059,0.882679,0.271858,0.779004,-0.001782,-0.003188,-0.627008
6.510000,1.253319,-5.374230,-0.265617,4.025642,0.980148,0.294871,0.785838,-0.001154,-0.002461,-0.618426
6.540000,1.373694,-5.343348,-0.256466,3.999335,1.078625,0.315232,0.793045,-0.000837,-0.001722,-0.609159
6.570000,1.493287,-5.309504,-0.246754,3.973545,1.177671,0.332251,0.800114,-0.000778,-0.000852,-0.599847
6.600000,1.612114,-5.272672,-0.236606,3.948304,1.277772,0.344289,0.808064,-0.001884,0.000328,-0.589092
6.630000,1.730218,-5.232827,-0.226168,3.925271,1.378550,0.351542,0.814420,-0.001599,0.000749,-0.580273
6.660000,1.847678,-5.189990,-0.215559,3.905419,1.477250,0.355762,0.821366,-0.000951,0.001039,-0.570400
6.690000,1.964583,-5.144278,-0.204853,3.888212,1.570198,0.357914,0.827505,-0.000039,0.000112,-0.561459
6.720000,2.081001,-5.095878,-0.194108,3.873017,1.656469,0.358423,0.834078,0.000868,0.000252,-0.551645
6.750000,2.196957,-5.044963,-0.183356,3.857391,1.737918,0.358429,0.840096,0.001306,0.000208,-0.542437
6.780000,2.312399,-4.991622,-0.172616,3.838720,1.818108,0.357513,0.846249,0.001722,0.000113,-0.532785
6.810000,2.427184,-4.935849,-0.161911,3.813592,1.900142,0.356194,0.852516,0.002416,-0.000422,-0.522696
6.840000,2.541102,-4.877561,-0.151247,3.780984,1.985703,0.354725,0.858250,0.002653,-0.000498,-0.513225
6.870000,2.653956,-4.816663,-0.140633,3.742580,2.074123,0.352911,0.863941,0.002624,-0.000700,-0.503586
6.900000,2.765582,-4.753078,-0.130081,3.699190,2.164919,0.350549,0.869465,0.002463,-0.000860,-0.493987
6.930000,2.875840,-4.686747,-0.119611,3.651344,2.257106,0.347449,0.874889,0.002198,-0.001019,-0.484317
6.960000,2.984596,-4.617638,-0.109243,3.599058,2.350207,0.343718,0.880191,0.001828,-0.001140,-0.474615
6.990000,3.091718,-4.545725,-0.098988,3.542372,2.443998,0.339938,0.884988,0.001238,-0.000611,-0.465612
7.020000,3.197097,-4.471014,-0.088850,3.482919,2.536722,0.335957,0.890320,0.000955,-0.001344,-0.455333
7.050000,3.300685,-4.393580,-0.078835,3.422923,2.625546,0.331734,0.894829,0.000820,-0.001745,-0.446405
7.080000,3.402494,-4.313561,-0.068934,3.364318,2.709033,0.328290,0.899885,0.001082,-0.002107,-0.436121
7.110000,3.502553,-4.231131,-0.059119,3.306324,2.786316,0.326052,0.904456,0.001010,-0.002700,-0.426558
7.140000,3.600878,-4.146468,-0.049361,3.248698,2.857894,0.324456,0.909153,0.000729,-0.003155,-0.416449
7.170000,3.697475,-4.059745,-0.039643,3.191083,2.923597,0.323435,0.913667,0.000321,-0.003580,-0.406449
7.200000,3.792338,-3.971140,-0.029948,3.133127,2.983437,0.322896,0.918113,-0.000166,-0.003915,-0.396300
7.230000,3.885450,-3.880829,-0.020258,3.074319,3.037270,0.323119,0.922448,-0.000714,-0.004160,-0.386097
7.260000,3.976783,-3.788994,-0.010548,3.014559,3.085068,0.324177,0.926703,-0.001320,-0.004247,-0.375769
7.290000,4.066302,-3.695820,-0.000785,2.953381,3.126543,0.326691,0.930968,-0.001991,-0.004038,-0.365074
7.320000,4.153934,-3.601463,0.009059,2.888709,3.163947,0.329637,0.934633,-0.001072,-0.005405,-0.355572
7.350000,4.239525,-3.506027,0.018997,2.817413,3.198435,0.332854,0.939005,-0.000429,-0.005172,-0.343865
7.380000,4.322876,-3.409597,0.029049,2.739314,3.230263,0.337282,0.942448,-0.000064,-0.006112,-0.334296
7.410000,4.403773,-3.312227,0.039233,2.653795,3.261038,0.341646,0.946330,0.000008,-0.006408,-0.323137
7.440000,4.481988,-3.213942,0.049541,2.560507,3.291324,0.345574,0.949777,0.000074,-0.006945,-0.312851
7.470000,4.557268,-3.114726,0.059947,2.458223,3.323061,0.348158,0.953316,0.000215,-0.007454,-0.301882
7.500000,4.629328,-3.014499,0.070392,2.345731,3.358703,0.348175,0.956570,0.000451,-0.008633,-0.291375
7.530000,4.697849,-2.913120,0.080793,2.222336,3.399944,0.345218,0.960211,-0.000247,-0.008874,-0.279136
7.560000,4.762539,-2.810399,0.091069,2.090312,3.448118,0.339834,0.963164,-0.000501,-0.009008,-0.268765
7.590000,4.823198,-2.706141,0.101148,1.953626,3.502378,0.332090,0.966443,-0.000717,-0.008925,-0.256724
7.620000,4.879750,-2.600200,0.110956,1.816540,3.560386,0.321785,0.969341,-0.000897,-0.008963,-0.245555
7.650000,4.932241,-2.492483,0.120414,1.682833,3.620752,0.308744,0.972310,-0.000987,-0.008895,-0.233523
7.680000,4.980833,-2.382950,0.129437,1.556680,3.681428,0.292846,0.975036,-0.001008,-0.008894,-0.221868
7.710000,5.025818,-2.271615,0.137940,1.442302,3.740927,0.273977,0.977740,-0.000753,-0.008815,-0.209634
7.740000,5.067604,-2.158559,0.145844,1.343452,3.796141,0.252954,0.980463,0.000394,-0.008294,-0.196529
7.770000,5.106649,-2.043895,0.153089,1.259543,3.848093,0.230075,0.982633,0.000508,-0.009354,-0.185325
7.800000,5.143342,-1.927678,0.159641,1.186661,3.899730,0.206732,0.984968,0.001001,-0.009211,-0.172489
7.830000,5.178010,-1.809932,0.165516,1.124515,3.950005,0.184937,0.987000,0.001710,-0.010029,-0.160396
7.860000,5.210976,-1.690714,0.170749,1.073246,3.997820,0.163904,0.988903,0.002218,-0.010754,-0.148159
7.890000,5.242587,-1.570173,0.175362,1.034139,4.038247,0.143652,0.990803,0.002879,-0.011726,-0.134774
7.920000,5.273152,-1.448518,0.179396,1.003521,4.072085,0.125285,0.992141,0.003989,-0.011198,-0.124560
7.950000,5.302803,-1.325910,0.182904,0.973176,4.101781,0.108553,0.993490,0.004292,-0.012080,-0.113199
7.980000,5.331430,-1.202482,0.185916,0.935325,4.126760,0.092276,0.994635,0.004335,-0.012250,-0.102630
8.010000,5.358743,-1.078359,0.188457,0.885534,4.148121,0.077106,0.995646,0.003925,-0.012433,-0.092298
8.040000,5.384345,-0.953597,0.190566,0.821252,4.169368,0.063472,0.996243,0.002851,-0.011959,-0.085721
8.070000,5.407759,-0.828250,0.192252,0.739672,4.187092,0.048928,0.997378,0.001055,-0.013743,-0.071038
8.100000,5.428509,-0.702482,0.193464,0.643704,4.197424,0.031886,0.997954,-0.000420,-0.013281,-0.062542
8.130000,5.446269,-0.576460,0.194157,0.540299,4.204082,0.014337,0.998581,-0.000707,-0.013331,-0.051551
8.160000,5.460777,-0.450307,0.194306,0.426905,4.206104,-0.004444,0.999047,-0.000162,-0.013148,-0.041609
8.190000,5.471751,-0.324139,0.193886,0.304669,4.205090,-0.023523,0.999458,0.001042,-0.012773,-0.030310
8.220000,5.478970,-0.198028,0.192898,0.176608,4.202319,-0.042381,0.999712,0.004072,-0.011852,-0.020449
8.250000,5.482304,-0.072007,0.191354,0.045671,4.199046,-0.060535,0.999877,0.005386,-0.011651,-0.009043
8.280000,5.481712,0.053939,0.189268,-0.085139,4.197388,-0.078510,0.999919,0.005605,-0.011258,0.001809
8.310000,5.477262,0.179895,0.186645,-0.211558,4.199639,-0.096397,0.999838,0.005351,-0.011172,0.013071
8.340000,5.469142,0.305984,0.183485,-0.329792,4.206318,-0.114217,0.999636,0.004559,-0.010855,0.024293
8.370000,5.457668,0.432336,0.179800,-0.435123,4.217135,-0.131466,0.999305,0.002863,-0.009932,0.035824
8.400000,5.443281,0.559055,0.175590,-0.523976,4.230810,-0.149228,0.998904,0.002501,-0.009970,0.045655
8.430000,5.426477,0.686176,0.170826,-0.596304,4.243956,-0.168342,0.998325,0.002021,-0.009080,0.057101
8.460000,5.407708,0.813631,0.165493,-0.654960,4.253034,-0.187205,0.997675,0.001781,-0.008614,0.067588
8.490000,5.387304,0.941263,0.159599,-0.705312,4.255764,-0.205715,0.996885,0.001618,-0.007951,0.078457
8.520000,5.365435,1.068830,0.153174,-0.752646,4.248694,-0.222660,0.996005,0.001568,-0.007424,0.088973
8.550000,5.342115,1.196008,0.146260,-0.802007,4.229829,-0.238240,0.994997,0.001340,-0.006983,0.099651
8.580000,5.317228,1.322415,0.138906,-0.857160,4.197300,-0.252052,0.993927,0.000800,-0.006553,0.109847
8.610000,5.290520,1.447650,0.131168,-0.923308,4.151701,-0.263804,0.992908,-0.000241,-0.006001,0.118731
8.640000,5.261632,1.571326,0.123107,-1.002590,4.093383,-0.273565,0.991581,-0.000849,-0.005293,0.129375
8.670000,5.230200,1.693086,0.114767,-1.092906,4.023964,-0.282438,0.989997,-0.001382,-0.004803,0.141002
8.700000,5.195901,1.812674,0.106137,-1.193644,3.948533,-0.292910,0.988276,-0.002637,-0.005304,0.152566
8.730000,5.158428,1.929982,0.097170,-1.304580,3.872026,-0.304899,0.986358,-0.003001,-0.004460,0.164524
8.760000,5.117524,2.045043,0.087842,-1.422379,3.798714,-0.316941,0.984276,-0.003226,-0.003959,0.176563
8.790000,5.073043,2.157994,0.078154,-1.542976,3.731349,-0.328922,0.981515,-0.003656,-0.002863,0.191328
8.820000,5.024975,2.269086,0.068103,-1.661586,3.674786,-0.341210,0.979293,-0.004069,-0.002767,0.202389
8.850000,4.973393,2.378671,0.057683,-1.777231,3.630882,-0.353402,0.976440,-0.003924,-0.001823,0.215747
8.880000,4.918397,2.487078,0.046928,-1.889131,3.596242,-0.363653,0.974354,-0.003713,-0.001252,0.224986
8.910000,4.860083,2.594527,0.035908,-1.998461,3.566996,-0.370995,0.971259,-0.003215,-0.000561,0.238005
8.940000,4.798525,2.701100,0.024718,-2.105401,3.537912,-0.374960,0.968760,-0.003357,-0.000122,0.247976
8.970000,4.733782,2.806787,0.013461,-2.210822,3.507831,-0.375530,0.965486,-0.003224,0.000041,0.260436
9.000000,4.665912,2.911524,0.002241,-2.313838,3.474669,-0.372452,0.962624,-0.003432,0.000506,0.270820
9.030000,4.595000,3.015233,-0.008830,-2.413626,3.439277,-0.365646,0.959157,-0.003466,0.000595,0.282852
9.060000,4.521172,3.117844,-0.019645,-2.508247,3.401425,-0.355360,0.955989,-0.003841,0.001050,0.293374
9.090000,4.444612,3.219314,-0.030102,-2.595773,3.363228,-0.341771,0.952470,-0.004586,0.001047,0.304597
9.120000,4.365544,3.319623,-0.040101,-2.675419,3.324037,-0.324834,0.948815,-0.005567,0.001867,0.315778
9.150000,4.284202,3.418738,-0.049541,-2.747378,3.283689,-0.304487,0.945292,-0.006665,0.001810,0.326153
9.180000,4.200794,3.516603,-0.058331,-2.813125,3.240627,-0.281531,0.941159,-0.007125,0.001601,0.337885
9.210000,4.115509,3.613125,-0.066405,-2.872597,3.194149,-0.256687,0.937342,-0.007842,0.002397,0.348314
9.240000,4.028535,3.708216,-0.073704,-2.925668,3.145247,-0.229960,0.933003,-0.008353,0.002570,0.359762
9.270000,3.940059,3.801786,-0.080194,-2.972711,3.092771,-0.202685,0.928788,-0.008261,0.003423,0.370504
9.300000,3.850255,3.893709,-0.085857,-3.014191,3.035405,-0.174852,0.924292,-0.008457,0.004577,0.381564
9.330000,3.759269,3.983818,-0.090682,-3.051587,2.971893,-0.146792,0.920035,-0.007763,0.005404,0.391721
9.360000,3.667210,4.071901,-0.094642,-3.085638,2.900306,-0.117230,0.915171,-0.009635,0.006692,0.402896
9.390000,3.574193,4.157734,-0.097686,-3.115548,2.821876,-0.085675,0.910368,-0.010215,0.007066,0.413613
9.420000,3.480361,4.241109,-0.099764,-3.139886,2.736489,-0.052919,0.905170,-0.011348,0.008478,0.424813
9.450000,3.385895,4.321825,-0.100839,-3.157843,2.644589,-0.018741,0.900021,-0.012051,0.009221,0.435583
9.480000,3.290972,4.399655,-0.100886,-3.170328,2.544042,0.015606,0.894488,-0.013475,0.010590,0.446763
9.510000,3.195730,4.474306,-0.099904,-3.179161,2.432696,0.049867,0.888815,-0.015216,0.010859,0.457885
9.540000,3.100228,4.545405,-0.097915,-3.187634,2.307245,0.082767,0.882747,-0.017835,0.011499,0.469368
9.570000,3.004458,4.612506,-0.094944,-3.197039,2.166158,0.115311,0.876711,-0.020516,0.012362,0.480421
9.600000,2.908367,4.675117,-0.090977,-3.209032,2.007906,0.149155,0.870473,-0.024556,0.013315,0.491424
9.630000,2.811792,4.732706,-0.085918,-3.229298,1.831342,0.188117,0.865675,-0.031878,0.014692,0.499374
9.660000,2.714563,4.784803,-0.079694,-3.252657,1.641805,0.226751,0.855808,-0.032437,0.014250,0.516080
9.690000,2.616701,4.831098,-0.072378,-3.271430,1.444546,0.261030,0.851397,-0.035167,0.018542,0.523014
9.720000,2.518409,4.871504,-0.064075,-3.281417,1.249160,0.292467,0.840209,-0.037600,0.018292,0.540649
9.750000,2.419968,4.906128,-0.054902,-3.281266,1.059145,0.319076,0.835276,-0.039778,0.022196,0.547941
9.780000,2.321726,4.935249,-0.044974,-3.268249,0.882229,0.342779,0.823355,-0.041963,0.023434,0.565488
9.810000,2.224048,4.959308,-0.034383,-3.243613,0.721726,0.363278,0.818088,-0.043264,0.026545,0.572848
9.840000,2.127156,4.978842,-0.023199,-3.215870,0.580485,0.382383,0.804583,-0.045972,0.028382,0.591377
9.870000,2.030951,4.994409,-0.011447,-3.197774,0.457336,0.401048,0.795091,-0.047285,0.030340,0.603882
9.900000,1.934988,5.006554,0.000892,-3.199751,0.352336,0.421583,0.780416,-0.048135,0.032524,0.622556
9.930000,1.838773,5.015819,0.013897,-3.214611,0.265353,0.445391,0.771668,-0.047468,0.034897,0.633292
9.960000,1.742035,5.022721,0.027669,-3.234581,0.194756,0.472754,0.759152,-0.047586,0.037392,0.648094
9.990000,1.644759,5.027666,0.042311,-3.250475,0.134903,0.503388,0.750490,-0.046763,0.039138,0.658063
10.020000,1.353693,5.219259,-0.287506,-4.486457,0.900700,-0.993605,0.765446,-0.014343,-0.000839,0.643340
10.050000,1.217988,5.245886,-0.317439,-4.560551,0.874450,-1.001958,0.759670,-0.010438,-0.005411,0.650202
10.080000,1.080558,5.271541,-0.347209,-4.601480,0.835912,-0.982727,0.751916,-0.006944,-0.008887,0.659162
10.110000,0.942323,5.295826,-0.375968,-4.614151,0.783029,-0.934520,0.746888,-0.002364,-0.013437,0.664810
10.140000,0.804050,5.318242,-0.402826,-4.604076,0.711375,-0.856020,0.738740,0.003042,-0.015524,0.673805
10.170000,0.666407,5.338190,-0.426828,-4.572080,0.618549,-0.744074,0.732354,0.010909,-0.018136,0.680595
10.200000,0.529994,5.355034,-0.446982,-4.522108,0.504374,-0.599578,0.726559,0.018633,-0.021329,0.686520
10.230000,0.395319,5.368132,-0.462327,-4.456249,0.368808,-0.423413,0.720834,0.026365,-0.025329,0.692143
10.260000,0.262828,5.376839,-0.471958,-4.376516,0.211664,-0.218601,0.716018,0.034353,-0.032373,0.696484
10.290000,0.132771,5.380529,-0.475214,-4.293924,0.034335,0.001534,0.716707,0.042606,-0.050304,0.694251
10.320000,0.004464,5.378853,-0.472339,-4.259865,-0.146089,0.190130,0.745899,0.048148,-0.106719,0.655689
10.350000,-0.123172,5.372996,-0.465357,-4.249231,-0.244386,0.275328,0.677073,0.101533,-0.168654,0.709097
10.380000,-0.249618,5.364475,-0.456570,-4.180491,-0.323651,0.310450,0.693086,0.039126,-0.133842,0.707240
10.410000,-0.374768,5.353842,-0.445532,-4.162824,-0.385241,0.425447,0.686756,0.038629,-0.117719,0.716251
10.440000,-0.499305,5.341471,-0.431158,-4.139679,-0.439455,0.532782,0.679776,0.038697,-0.103887,0.724993
10.470000,-0.623067,5.327541,-0.413722,-4.111088,-0.489258,0.629622,0.672998,0.039526,-0.091610,0.732884
10.500000,-0.745903,5.312142,-0.393575,-4.078014,-0.537347,0.713523,0.666543,0.041269,-0.080565,0.739950
10.530000,-0.867730,5.295271,-0.371168,-4.043735,-0.587344,0.780288,0.661597,0.044576,-0.070878,0.745170
10.560000,-0.988550,5.276844,-0.346960,-4.010946,-0.641106,0.833536,0.653926,0.042926,-0.063628,0.752655
10.590000,-1.108442,5.256804,-0.321324,-3.981878,-0.694917,0.875545,0.645148,0.041023,-0.058434,0.760715
10.620000,-1.227549,5.235139,-0.294617,-3.958567,-0.749398,0.904914,0.636688,0.038221,-0.054189,0.768265
10.650000,-1.346041,5.211831,-0.267216,-3.940888,-0.804482,0.921850,0.626905,0.035191,-0.050648,0.776651
10.680000,-1.464052,5.186868,-0.239479,-3.926560,-0.859706,0.927241,0.616165,0.031675,-0.047230,0.785562
10.710000,-1.581639,5.160271,-0.211723,-3.912534,-0.913433,0.923194,0.602798,0.027454,-0.043521,0.796233
10.740000,-1.698803,5.131999,-0.184226,-3.898409,-0.971390,0.909930,0.597460,0.024938,-0.038383,0.800591
10.770000,-1.815494,5.101892,-0.157216,-3.880969,-1.035738,0.890743,0.582600,0.019647,-0.034683,0.811781
10.800000,-1.931562,5.069751,-0.130810,-3.856912,-1.106981,0.869656,0.577358,0.016699,-0.029790,0.815776
10.830000,-2.046827,5.035359,-0.105067,-3.827449,-1.185830,0.846521,0.563742,0.013707,-0.026417,0.825415
10.860000,-2.161115,4.998556,-0.080046,-3.791705,-1.267737,0.821559,0.556408,0.011733,-0.022873,0.830511
10.890000,-2.274305,4.959267,-0.055809,-3.754305,-1.351481,0.794260,0.544406,0.009492,-0.020095,0.838527
10.920000,-2.386339,4.917484,-0.032425,-3.714659,-1.434088,0.764626,0.535880,0.007873,-0.017524,0.844076
10.950000,-2.497160,4.873221,-0.009970,-3.673385,-1.516726,0.732431,0.524930,0.006292,-0.015282,0.850985
10.980000,-2.606647,4.826451,0.011473,-3.625795,-1.601289,0.697048,0.513849,0.005507,-0.013423,0.857758
11.010000,-2.714591,4.777064,0.031805,-3.570454,-1.691178,0.658480,0.503278,0.004369,-0.011373,0.864039
11.040000,-2.820781,4.724903,0.050939,-3.508897,-1.786209,0.617114,0.492747,0.003753,-0.009297,0.870115
11.070000,-2.925039,4.669818,0.068794,-3.441616,-1.886177,0.573169,0.482660,0.003560,-0.007087,0.875772
11.100000,-3.027220,4.611676,0.085296,-3.370454,-1.989966,0.527017,0.471669,0.002608,-0.005683,0.881754
11.130000,-3.127246,4.550383,0.100397,-3.297906,-2.096200,0.479669,0.460954,0.002295,-0.004788,0.887408
11.160000,-3.225098,4.485881,0.114066,-3.225558,-2.203910,0.431634,0.450021,0.001875,-0.004141,0.893007
11.190000,-3.320796,4.418143,0.126296,-3.154311,-2.311963,0.383700,0.439083,0.001688,-0.003627,0.898438
11.220000,-3.414379,4.347162,0.137097,-3.084607,-2.420131,0.336343,0.428163,0.001668,-0.003097,0.903695
11.250000,-3.505894,4.272946,0.146503,-3.016374,-2.527612,0.290719,0.417379,0.001902,-0.002386,0.908727
11.280000,-3.595385,4.195527,0.154580,-2.949692,-2.633646,0.247778,0.406507,0.002471,-0.000951,0.913644
11.310000,-3.682896,4.114964,0.161416,-2.884398,-2.737212,0.207950,0.396055,0.003435,0.000016,0.918220
11.340000,-3.768479,4.031344,0.167099,-2.821087,-2.837448,0.170881,0.384967,0.004031,0.000358,0.922922
11.370000,-3.852205,3.944791,0.171716,-2.760668,-2.932746,0.136941,0.374188,0.004764,0.000502,0.927341
11.400000,-3.934166,3.855467,0.175373,-2.703388,-3.022191,0.106866,0.363272,0.005517,0.000778,0.931667
11.430000,-4.014450,3.763560,0.178194,-2.648906,-3.104955,0.081203,0.352991,0.006326,0.001606,0.935604
11.460000,-4.093135,3.669279,0.180316,-2.596717,-3.180440,0.060278,0.342168,0.007328,0.001875,0.939608
11.490000,-4.170269,3.572831,0.181882,-2.545548,-3.249422,0.044081,0.331624,0.008247,0.001892,0.943374
11.520000,-4.245863,3.474387,0.183031,-2.494080,-3.313540,0.032534,0.321649,0.009208,0.001803,0.946813
11.550000,-4.319924,3.374105,0.183906,-2.443320,-3.371910,0.025829,0.310067,0.009536,0.001215,0.950666
11.580000,-4.392488,3.272150,0.184649,-2.394306,-3.425081,0.023670,0.300216,0.010518,0.001162,0.953813
11.610000,-4.463571,3.168628,0.185391,-2.344537,-3.476405,0.025797,0.289610,0.010255,0.001054,0.957089
11.640000,-4.533134,3.063584,0.186247,-2.292965,-3.526498,0.031254,0.277679,0.010663,0.001753,0.960613
11.670000,-4.601084,2.957014,0.187275,-2.237036,-3.578176,0.037275,0.266144,0.010975,0.001698,0.963869
11.700000,-4.667283,2.848816,0.188462,-2.176243,-3.635018,0.041861,0.255231,0.011202,0.001933,0.966813
11.730000,-4.731570,2.738837,0.189736,-2.109573,-3.696907,0.043098,0.241616,0.011073,0.002824,0.970305
11.760000,-4.793764,2.626920,0.191012,-2.036718,-3.764262,0.041986,0.232175,0.010006,0.003508,0.972616
11.790000,-4.853714,2.512919,0.192220,-1.959898,-3.835779,0.038493,0.219657,0.010003,0.003166,0.975521
11.820000,-4.911293,2.396765,0.193286,-1.878738,-3.907864,0.032633,0.209721,0.008913,0.002736,0.977717
11.850000,-4.966379,2.278461,0.194164,-1.793627,-3.979059,0.025882,0.198949,0.007210,0.001785,0.979982
11.880000,-5.018875,2.158089,0.194819,-1.706122,-4.045743,0.017786,0.187777,0.006787,0.001195,0.982188
11.910000,-5.068735,2.035828,0.195197,-1.617907,-4.104935,0.007383,0.177888,0.005404,0.001244,0.984035
11.940000,-5.115947,1.911941,0.195232,-1.529567,-4.154257,-0.005057,0.167845,0.004568,0.001064,0.985802
11.970000,-5.160474,1.786712,0.194852,-1.438890,-4.194295,-0.020264,0.158295,0.003709,0.001428,0.987384
12.000000,-5.202226,1.660410,0.193994,-1.344581,-4.225827,-0.036888,0.147694,0.002109,0.001167,0.989030
12.030000,-5.241119,1.533276,0.192633,-1.248273,-4.249809,-0.053896,0.138584,0.000830,0.000660,0.990350
12.060000,-5.277133,1.405536,0.190746,-1.152684,-4.266177,-0.071894,0.127294,-0.000344,0.000157,0.991865
12.090000,-5.310325,1.277420,0.188304,-1.060095,-4.274894,-0.090920,0.118029,-0.001664,0.000002,0.993009
12.120000,-5.340790,1.149143,0.185270,-0.970922,-4.276899,-0.111300,0.106878,-0.002853,-0.000666,0.994268
12.150000,-5.368623,1.020898,0.181602,-0.884585,-4.272784,-0.133265,0.097476,-0.004430,-0.000442,0.995228
12.180000,-5.393884,0.892846,0.177250,-0.799468,-4.264040,-0.156885,0.085986,-0.005617,-0.000665,0.996280
12.210000,-5.416575,0.765106,0.172161,-0.713256,-4.251925,-0.182371,0.075528,-0.007132,-0.000650,0.997118
12.240000,-5.436649,0.637758,0.166285,-0.625047,-4.237942,-0.209374,0.064216,-0.008486,-0.000863,0.997900
12.270000,-5.454038,0.510861,0.159592,-0.534213,-4.221898,-0.236771,0.053774,-0.010128,-0.001203,0.998501
12.300000,-5.468649,0.384469,0.152091,-0.439864,-4.204196,-0.263314,0.042524,-0.011819,-0.002850,0.999021
12.330000,-5.480388,0.258625,0.143781,-0.342742,-4.185388,-0.290711,0.031635,-0.012002,-0.004146,0.999419
12.360000,-5.489179,0.133363,0.134632,-0.243320,-4.165456,-0.319216,0.020149,-0.013262,-0.004076,0.999701
12.390000,-5.494968,0.008733,0.124633,-0.142603,-4.143200,-0.347394,0.008861,-0.013760,-0.003462,0.999860
12.420000,-5.497707,-0.115201,0.113779,-0.039989,-4.119031,-0.376200,0.002354,0.013748,0.002012,-0.999901
12.450000,-5.497321,-0.238377,0.102057,0.065692,-4.092731,-0.405223,0.014162,0.013705,0.001354,-0.999805
12.480000,-5.493707,-0.360757,0.089459,0.175302,-4.065939,-0.434664,0.026309,0.012256,0.001299,-0.999578
12.510000,-5.486760,-0.482362,0.075988,0.287808,-4.041027,-0.463440,0.037974,0.012147,0.000796,-0.999205
12.540000,-5.476440,-0.603267,0.061674,0.400215,-4.019354,-0.490773,0.049829,0.010864,-0.001046,-0.998698
12.570000,-5.462734,-0.723566,0.046579,0.513487,-4.000536,-0.515584,0.061852,0.011105,-0.001545,-0.998022
12.600000,-5.445626,-0.843358,0.030812,0.627055,-3.985643,-0.535561,0.074445,0.010147,-0.002745,-0.997170
12.630000,-5.425134,-0.962761,0.014511,0.739056,-3.974510,-0.551174,0.086908,0.009191,-0.004719,-0.996163
12.660000,-5.401354,-1.081897,-0.002147,0.846297,-3.967917,-0.559360,0.098353,0.009893,-0.007559,-0.995074
12.690000,-5.374454,-1.200879,-0.018933,0.947057,-3.964193,-0.559691,0.110565,0.008862,-0.009613,-0.993783
12.720000,-5.344605,-1.319766,-0.035670,1.042852,-3.961650,-0.556110,0.122426,0.007524,-0.010467,-0.992394
12.750000,-5.311942,-1.438586,-0.052260,1.134699,-3.959695,-0.549874,0.134262,0.005970,-0.010192,-0.990875
12.780000,-5.276573,-1.557353,-0.068630,1.223238,-3.958054,-0.541455,0.146179,0.004926,-0.008466,-0.989210
12.810000,-5.238593,-1.676072,-0.084706,1.308754,-3.956592,-0.530273,0.157528,0.003906,-0.006931,-0.987483
12.840000,-5.198079,-1.794726,-0.100417,1.392193,-3.953638,-0.517155,0.168542,0.002389,-0.006616,-0.985669
12.870000,-5.155079,-1.913231,-0.115704,1.474442,-3.946694,-0.501954,0.179506,0.001323,-0.006314,-0.983736
12.900000,-5.109629,-2.031449,-0.130498,1.555558,-3.934511,-0.484318,0.190278,0.000141,-0.005925,-0.981712
12.930000,-5.061756,-2.149207,-0.144729,1.635955,-3.916024,-0.464411,0.200735,-0.000898,-0.005046,-0.979632
12.960000,-5.011467,-2.266323,-0.158333,1.716656,-3.891745,-0.442537,0.209731,-0.001864,-0.003092,-0.977753
12.990000,-4.958743,-2.382596,-0.171254,1.798287,-3.859729,-0.418887,0.221419,-0.003184,-0.002357,-0.975171
13.020000,-4.903532,-2.497767,-0.183431,1.882422,-3.818339,-0.392877,0.229899,-0.003233,-0.002109,-0.973207
13.050000,-4.845745,-2.611542,-0.194788,1.970062,-3.766662,-0.364257,0.242819,-0.004283,-0.001702,-0.970061
13.080000,-4.785278,-2.723617,-0.205256,2.061110,-3.705019,-0.333592,0.252497,-0.004247,-0.001517,-0.967587
13.110000,-4.722044,-2.833757,-0.214768,2.154485,-3.637670,-0.300586,0.264310,-0.004443,0.000261,-0.964427
13.140000,-4.655990,-2.941828,-0.223293,2.249109,-3.567044,-0.267717,0.274108,-0.005368,-0.000132,-0.961684
13.170000,-4.587118,-3.047760,-0.230842,2.342337,-3.495070,-0.235566,0.285995,-0.005176,0.000342,-0.958217
13.200000,-4.515532,-3.151578,-0.237443,2.430069,-3.426172,-0.204524,0.295133,-0.005392,0.000629,-0.955441
13.230000,-4.441417,-3.253416,-0.243139,2.510952,-3.363029,-0.175176,0.306497,-0.005479,0.001096,-0.951855
13.260000,-4.364966,-3.353408,-0.247973,2.585770,-3.303085,-0.147131,0.316554,-0.005301,0.001167,-0.948559
13.290000,-4.286336,-3.451634,-0.251984,2.656216,-3.245303,-0.120238,0.327419,-0.005108,0.001333,-0.944865
13.320000,-4.205637,-3.548134,-0.255205,2.723705,-3.188076,-0.094463,0.337760,-0.004834,0.001337,-0.941219
13.350000,-4.122933,-3.642908,-0.257672,2.789896,-3.130140,-0.070053,0.348402,-0.004523,0.001349,-0.937333
13.380000,-4.038247,-3.735919,-0.259424,2.855884,-3.070586,-0.046748,0.358910,-0.004140,0.001235,-0.933362
13.410000,-3.951567,-3.827100,-0.260496,2.922766,-3.008178,-0.024680,0.369726,-0.003485,0.001022,-0.929134
13.440000,-3.862861,-3.916364,-0.260920,2.990969,-2.942772,-0.003619,0.380218,-0.003113,0.000906,-0.924891
13.470000,-3.772089,-4.003632,-0.260733,3.060489,-2.875078,0.016084,0.390813,-0.002741,0.000910,-0.920466
13.500000,-3.679222,-4.088841,-0.259979,3.130627,-2.805506,0.034172,0.401213,-0.002489,0.000768,-0.915981
13.530000,-3.584252,-4.171939,-0.258716,3.200730,-2.734364,0.050080,0.411682,-0.002206,0.000488,-0.911325
13.560000,-3.487190,-4.252891,-0.257010,3.270060,-2.662460,0.063607,0.422100,-0.001975,-0.000144,-0.906547
13.590000,-3.388071,-4.331684,-0.254947,3.337836,-2.590374,0.073944,0.432632,-0.002059,-0.001466,-0.901567
13.620000,-3.286959,-4.408306,-0.252616,3.403015,-2.517805,0.081465,0.442938,-0.001426,-0.001919,-0.896549
13.650000,-3.183941,-4.482763,-0.250084,3.464849,-2.445961,0.087344,0.452877,-0.001620,-0.002209,-0.891569
13.680000,-3.079134,-4.555082,-0.247391,3.522248,-2.375326,0.092152,0.463148,-0.001613,-0.002413,-0.886276
13.710000,-2.972712,-4.625322,-0.244557,3.572558,-2.307338,0.096799,0.473150,-0.001534,-0.002868,-0.880976
13.740000,-2.864893,-4.693553,-0.241578,3.615390,-2.241380,0.101786,0.482918,-0.001819,-0.003319,-0.875658
13.770000,-2.755877,-4.759797,-0.238435,3.652364,-2.174857,0.107739,0.492716,-0.001901,-0.003887,-0.870179
13.800000,-2.645831,-4.824003,-0.235092,3.684035,-2.105569,0.115144,0.502367,-0.002387,-0.004330,-0.864640
13.830000,-2.534892,-4.886061,-0.231509,3.711883,-2.031650,0.123711,0.512086,-0.002970,-0.004469,-0.858917
13.860000,-2.423163,-4.945809,-0.227637,3.736730,-1.951568,0.134469,0.521586,-0.003660,-0.004147,-0.853181
13.890000,-2.310728,-5.003059,-0.223391,3.758900,-1.865085,0.148587,0.531337,-0.003967,-0.002798,-0.847147
13.920000,-2.197668,-5.057644,-0.218701,3.778477,-1.773924,0.164067,0.540619,-0.005491,-0.004387,-0.841238
13.950000,-2.084075,-5.109430,-0.213550,3.794351,-1.678475,0.179341,0.550598,-0.005308,-0.004257,-0.834743
13.980000,-1.970046,-5.158315,-0.207939,3.807589,-1.580485,0.194709,0.559637,-0.006652,-0.005621,-0.828692
14.010000,-1.855638,-5.204203,-0.201878,3.819637,-1.478712,0.209392,0.569677,-0.006703,-0.005853,-0.821820
14.040000,-1.740867,-5.246995,-0.195376,3.831777,-1.374099,0.224025,0.578932,-0.008074,-0.006612,-0.815309
14.070000,-1.625683,-5.286598,-0.188460,3.847123,-1.266094,0.237087,0.588952,-0.009720,-0.006682,-0.808082
14.100000,-1.509974,-5.322925,-0.181159,3.866837,-1.155729,0.249648,0.598763,-0.010692,-0.006620,-0.800828
14.130000,-1.393601,-5.355933,-0.173487,3.891364,-1.044773,0.261810,0.608549,-0.011616,-0.006877,-0.793401
14.160000,-1.276439,-5.385631,-0.165459,3.919429,-0.935122,0.273399,0.618103,-0.012322,-0.007072,-0.785968
14.190000,-1.158403,-5.412091,-0.157092,3.949624,-0.828858,0.284394,0.627772,-0.012985,-0.007271,-0.778254
14.220000,-1.039474,-5.435434,-0.148398,3.978994,-0.727329,0.295208,0.637971,-0.013359,-0.007307,-0.769909
14.250000,-0.919681,-5.455799,-0.139385,4.007215,-0.630370,0.305666,0.646412,-0.014333,-0.007584,-0.762815
14.280000,-0.799053,-5.473273,-0.130067,4.034649,-0.534584,0.315519,0.655815,-0.014472,-0.008158,-0.754737
14.310000,-0.677621,-5.487843,-0.120469,4.060805,-0.436706,0.324353,0.664150,-0.014621,-0.009343,-0.747395
14.340000,-0.555418,-5.499420,-0.110611,4.086070,-0.335088,0.332813,0.673202,-0.014189,-0.009963,-0.739252
14.370000,-0.432475,-5.507906,-0.100483,4.110111,-0.230676,0.342404,0.681296,-0.014175,-0.010551,-0.731790
14.400000,-0.308818,-5.513222,-0.090053,4.133666,-0.123719,0.352943,0.689898,-0.014534,-0.011392,-0.723666
14.430000,-0.184466,-5.515293,-0.079299,4.156477,-0.014369,0.363958,0.697848,-0.014719,-0.012665,-0.715978
14.460000,-0.059439,-5.514093,-0.068180,4.178693,0.094411,0.377311,0.706226,-0.014798,-0.013203,-0.707704
14.490000,0.066240,-5.509723,-0.056610,4.199891,0.196870,0.394045,0.714287,-0.014975,-0.014205,-0.699543
14.520000,0.192505,-5.502443,-0.044506,4.217786,0.288469,0.412905,0.723587,-0.015132,-0.016962,-0.689854
14.550000,0.319231,-5.492567,-0.031787,4.230603,0.369984,0.435023,0.730386,-0.014861,-0.017022,-0.682657
14.580000,0.446285,-5.480332,-0.018339,4.239673,0.445627,0.461478,0.737043,-0.014796,-0.016541,-0.675479
14.610000,0.573504,-5.465823,-0.004080,4.241563,0.521641,0.489117,0.744439,-0.014595,-0.016126,-0.667334
14.640000,0.700640,-5.448984,0.010982,4.234203,0.601013,0.515011,0.751867,-0.014237,-0.015571,-0.658975
14.670000,0.827435,-5.429716,0.026773,4.218796,0.683522,0.537768,0.759021,-0.013652,-0.014767,-0.650754
14.700000,0.953657,-5.407930,0.043179,4.195981,0.768834,0.555934,0.766077,-0.012859,-0.013708,-0.642473
14.730000,1.079100,-5.383529,0.060047,4.166872,0.857902,0.568629,0.772538,-0.011675,-0.012158,-0.634744
14.760000,1.203586,-5.356437,0.077210,4.132184,0.948246,0.575525,0.780841,-0.010850,-0.010431,-0.624548
14.790000,1.326996,-5.326628,0.094487,4.095180,1.039007,0.576272,0.786957,-0.009725,-0.009041,-0.616865
14.820000,1.449299,-5.294079,0.111686,4.058317,1.130922,0.570385,0.794577,-0.009020,-0.007396,-0.607051
14.850000,1.570502,-5.258787,0.128603,4.021910,1.221930,0.557367,0.801756,-0.009060,-0.005402,-0.597558
14.880000,1.690649,-5.220789,0.145027,3.987888,1.311222,0.537564,0.808316,-0.008500,-0.004041,-0.588674
14.910000,1.809793,-5.180152,0.160781,3.955021,1.397919,0.512704,0.815219,-0.007624,-0.002580,-0.579098
14.940000,1.927958,-5.136990,0.175716,3.922696,1.479577,0.482959,0.821535,-0.007271,-0.001588,-0.570109
14.970000,2.045166,-5.091459,0.189696,3.891122,1.555769,0.449040,0.828333,-0.005888,-0.000926,-0.560204
15.000000,2.161400,-5.043706,0.202626,3.857870,1.627809,0.412967,0.834658,-0.004477,-0.000307,-0.550750
15.030000,2.276589,-4.993817,0.214452,3.821369,1.698125,0.375438,0.840946,-0.003326,0.000391,-0.541109
15.060000,2.390613,-4.941807,0.225142,3.780239,1.769217,0.337247,0.847058,-0.002313,0.000623,-0.531495
15.090000,2.503312,-4.887614,0.234679,3.732988,1.843629,0.298579,0.853347,-0.001901,0.001299,-0.521338
15.120000,2.614519,-4.831130,0.243066,3.680855,1.921961,0.260500,0.859189,-0.001420,0.001806,-0.511653
15.150000,2.724114,-4.772249,0.250322,3.625488,2.003460,0.223287,0.865047,-0.000802,0.002286,-0.501685
15.180000,2.832024,-4.710905,0.256488,3.568504,2.086130,0.187740,0.870711,-0.000051,0.002553,-0.491789
15.210000,2.938222,-4.647085,0.261618,3.511346,2.168542,0.154271,0.876228,0.001196,0.002623,-0.481888
15.240000,3.042735,-4.580817,0.265809,3.456179,2.249290,0.125117,0.881113,0.003966,0.002537,-0.472883
15.270000,3.145609,-4.512175,0.269195,3.402064,2.326842,0.100607,0.886758,0.004453,0.002646,-0.462205
15.300000,3.246847,-4.441239,0.271873,3.347173,2.402234,0.077919,0.891974,0.004700,0.002525,-0.452056
15.330000,3.354342,-4.351966,0.241486,3.338163,2.571016,-0.118034,0.896588,0.001505,-0.000703,-0.442862
15.360000,3.453701,-4.273657,0.237394,3.285734,2.649532,-0.154727,0.901531,0.001589,-0.001018,-0.432710
15.390000,3.551468,-4.193044,0.232233,3.232076,2.724677,-0.189336,0.906358,0.001481,-0.001470,-0.422504
15.420000,3.647605,-4.110226,0.226069,3.177070,2.796560,-0.221618,0.911081,0.001244,-0.001920,-0.412220
15.450000,3.742064,-4.025301,0.218975,3.120155,2.865121,-0.251308,0.915682,0.000901,-0.002366,-0.401896
15.480000,3.834783,-3.938364,0.211031,3.061116,2.930638,-0.278292,0.920165,0.000465,-0.002746,-0.391521
15.510000,3.925695,-3.849505,0.202328,2.999729,2.993306,-0.301913,0.924540,-0.000072,-0.002995,-0.381074
15.540000,4.014725,-3.758806,0.192975,2.935602,3.053324,-0.321649,0.928826,-0.000693,-0.002877,-0.370505
15.570000,4.101791,-3.666349,0.183105,2.868790,3.110450,-0.336297,0.932942,-0.001479,-0.002106,-0.360017
15.600000,4.186817,-3.572236,0.172827,2.799591,3.163768,-0.348901,0.937200,0.000178,-0.004609,-0.348761
15.630000,4.269694,-3.476581,0.162188,2.725534,3.213197,-0.360379,0.940779,0.000159,-0.004188,-0.338996
15.660000,4.350295,-3.379486,0.151245,2.647858,3.259835,-0.369149,0.944746,0.000410,-0.005223,-0.327762
15.690000,4.428483,-3.281024,0.140062,2.564730,3.304257,-0.376375,0.948224,0.000468,-0.005631,-0.317552
15.720000,4.504091,-3.181241,0.128685,2.475786,3.347945,-0.382131,0.951832,0.000646,-0.006356,-0.306554
15.750000,4.576924,-3.080139,0.117144,2.379714,3.392178,-0.387234,0.955069,0.000912,-0.007379,-0.296290
15.780000,4.646768,-2.977692,0.105462,2.276567,3.437663,-0.391575,0.958491,0.000921,-0.007578,-0.285019
15.810000,4.713429,-2.873853,0.093663,2.167499,3.484901,-0.395071,0.961693,0.000880,-0.008176,-0.274006
15.840000,4.776744,-2.768556,0.081765,2.053518,3.534921,-0.398098,0.964785,0.000922,-0.008529,-0.262899
15.870000,4.836593,-2.661722,0.069779,1.936416,3.587317,-0.400934,0.967778,0.000848,-0.008801,-0.251651
15.900000,4.892922,-2.553291,0.057714,1.818860,3.641461,-0.403448,0.970671,0.000778,-0.009055,-0.240240
15.930000,4.945754,-2.443227,0.045573,1.703231,3.696138,-0.405915,0.973443,0.000702,-0.009242,-0.228740
15.960000,4.995188,-2.331534,0.033363,1.592374,3.750058,-0.408104,0.976098,0.000640,-0.009372,-0.217129
15.990000,5.041410,-2.218255,0.021086,1.489132,3.801849,-0.410358,0.978632,0.000644,-0.009420,-0.205401
16.020000,5.084693,-2.103485,0.008752,1.396394,3.849489,-0.411904,0.981093,0.000976,-0.009186,-0.193317
16.050000,5.125347,-1.987348,-0.003614,1.313884,3.892993,-0.412499,0.983305,0.000956,-0.009653,-0.181707
16.080000,5.163634,-1.869937,-0.015973,1.238593,3.934436,-0.411436,0.985462,0.001212,-0.009578,-0.169621
16.110000,5.199771,-1.751319,-0.028263,1.170507,3.973415,-0.407913,0.987423,0.001702,-0.009973,-0.157777
16.140000,5.233976,-1.631574,-0.040418,1.109820,4.009605,-0.402419,0.989238,0.002276,-0.010423,-0.145928
16.170000,5.266488,-1.510819,-0.052391,1.057634,4.040699,-0.395763,0.990969,0.003282,-0.011216,-0.133578
16.200000,5.297498,-1.389199,-0.064140,1.009752,4.067309,-0.387510,0.992527,0.004074,-0.010651,-0.121489
16.230000,5.327043,-1.266803,-0.075621,0.959861,4.092425,-0.377865,0.993790,0.004158,-0.010891,-0.110659
16.260000,5.354996,-1.143664,-0.086812,0.903667,4.116829,-0.368252,0.994977,0.004165,-0.010749,-0.099437
16.290000,5.381119,-1.019812,-0.097714,0.837924,4.139974,-0.358494,0.995970,0.003847,-0.010475,-0.088994
16.320000,5.405104,-0.895255,-0.108316,0.761039,4.163806,-0.348319,0.996674,0.003240,-0.009725,-0.080850
16.350000,5.426594,-0.770021,-0.118640,0.671656,4.185154,-0.339989,0.997644,0.001009,-0.011088,-0.067688
16.380000,5.445245,-0.644223,-0.128752,0.571695,4.201361,-0.334091,0.998237,0.001062,-0.010289,-0.058443
16.410000,5.460807,-0.518010,-0.138676,0.465826,4.212834,-0.327521,0.998821,0.001229,-0.010145,-0.047448
16.440000,5.473078,-0.391535,-0.148411,0.352221,4.218832,-0.321476,0.999262,0.001856,-0.009667,-0.037129
16.470000,5.481853,-0.264954,-0.157955,0.232778,4.219886,-0.314839,0.999613,0.003270,-0.009003,-0.026136
16.500000,5.486992,-0.138404,-0.167302,0.109840,4.216784,-0.308276,0.999819,0.004768,-0.008908,-0.016124
16.530000,5.488447,-0.011979,-0.176446,-0.012887,4.211585,-0.301305,0.999945,0.004461,-0.008326,-0.004632
16.560000,5.486291,0.114295,-0.185355,-0.130788,4.206644,-0.292621,0.999938,0.004307,-0.008441,0.005855
16.590000,5.480696,0.240454,-0.193978,-0.242260,4.203958,-0.282236,0.999814,0.003795,-0.008276,0.017003
16.620000,5.471899,0.366564,-0.202252,-0.344174,4.203381,-0.269391,0.999568,0.002815,-0.007987,0.028144
16.650000,5.460230,0.492698,-0.210105,-0.433770,4.205582,-0.254151,0.999229,0.001947,-0.007881,0.038418
16.680000,5.446067,0.618908,-0.217468,-0.510466,4.208399,-0.236685,0.998726,0.001525,-0.007566,0.049876
16.710000,5.429754,0.745179,-0.224273,-0.577015,4.209645,-0.217003,0.998145,0.001315,-0.007342,0.060416
16.740000,5.411544,0.871436,-0.230458,-0.636993,4.207512,-0.195313,0.997406,0.001062,-0.006880,0.071638
16.770000,5.391575,0.997546,-0.235969,-0.694297,4.199800,-0.172103,0.996585,0.000982,-0.006664,0.082301
16.800000,5.369843,1.123307,-0.240767,-0.754498,4.184283,-0.147759,0.995589,0.000803,-0.006145,0.093616
16.830000,5.346208,1.248462,-0.244830,-0.821151,4.159406,-0.123107,0.994530,0.000476,-0.005997,0.104276
16.860000,5.320442,1.372721,-0.248155,-0.896627,4.124526,-0.098585,0.993388,-0.000308,-0.005525,0.114674
16.890000,5.292234,1.495798,-0.250734,-0.983875,4.080621,-0.073352,0.992379,-0.001796,-0.004476,0.123125
16.920000,5.261266,1.617431,-0.252571,-1.080642,4.028251,-0.049087,0.990623,-0.002208,-0.004671,0.136527
16.950000,5.227286,1.737394,-0.253729,-1.184689,3.969237,-0.028126,0.989089,-0.003453,-0.004775,0.147198
16.980000,5.190072,1.855579,-0.254293,-1.296259,3.909791,-0.009496,0.987199,-0.003745,-0.004095,0.159400
17.010000,5.149442,1.972007,-0.254319,-1.412383,3.852077,0.007800,0.985333,-0.003919,-0.003664,0.170556
17.040000,5.105302,2.086778,-0.253839,-1.530284,3.799315,0.024192,0.983065,-0.004257,-0.003036,0.183184
17.070000,5.057655,2.200043,-0.252877,-1.646209,3.751688,0.039910,0.980329,-0.005210,-0.002506,0.197284
17.100000,5.006563,2.312010,-0.251456,-1.759893,3.712746,0.054818,0.978617,-0.005205,-0.002305,0.205610
17.130000,4.952064,2.422867,-0.249589,-1.873411,3.677737,0.069712,0.975216,-0.004930,-0.001781,0.221195
17.160000,4.894175,2.532689,-0.247252,-1.985874,3.643717,0.086043,0.973536,-0.004842,-0.001085,0.228480
17.190000,4.832940,2.641515,-0.244409,-2.096449,3.611372,0.103516,0.970031,-0.004809,-0.001172,0.242931
17.220000,4.768410,2.749317,-0.241021,-2.205508,3.575422,0.122329,0.967844,-0.005081,-0.000723,0.251500
17.250000,4.700621,2.855997,-0.237048,-2.313777,3.536573,0.142545,0.964296,-0.004997,-0.000900,0.264778
17.280000,4.629613,2.961426,-0.232440,-2.420103,3.492051,0.164683,0.961652,-0.005222,-0.000440,0.274224
17.310000,4.555451,3.065460,-0.227140,-2.524028,3.443531,0.188630,0.957969,-0.005327,-0.000661,0.286821
17.340000,4.478237,3.167967,-0.221095,-2.623567,3.390306,0.214342,0.954993,-0.005891,-0.000459,0.296570
17.370000,4.398127,3.268846,-0.214252,-2.717083,3.334945,0.241906,0.951202,-0.006307,-0.000275,0.308504
17.400000,4.315311,3.368026,-0.206550,-2.804004,3.277014,0.271517,0.948155,-0.007094,-0.000043,0.317730
17.430000,4.230004,3.465466,-0.197932,-2.883106,3.219024,0.303040,0.943989,-0.007291,-0.000928,0.329896
17.460000,4.142482,3.561194,-0.188335,-2.951700,3.162836,0.336786,0.940474,-0.008007,-0.000277,0.339772
17.490000,4.053118,3.655334,-0.177684,-3.005895,3.113180,0.373224,0.935907,-0.008633,-0.000848,0.352140
17.520000,3.962417,3.748112,-0.165915,-3.040861,3.072027,0.411373,0.930576,-0.009683,-0.001844,0.365966
17.550000,3.870900,3.839778,-0.152980,-3.060281,3.039028,0.450957,0.927630,-0.010113,-0.000494,0.373362
17.580000,3.778936,3.930471,-0.138853,-3.070618,3.007139,0.490898,0.922074,-0.009656,-0.001352,0.386890
17.610000,3.686683,4.020059,-0.123535,-3.079590,2.965381,0.530282,0.918908,-0.010995,0.000758,0.394318
17.640000,3.594066,4.108195,-0.107045,-3.094859,2.910379,0.569040,0.914035,-0.011120,-0.000331,0.405483
17.670000,3.500888,4.194422,-0.089426,-3.117064,2.838102,0.605564,0.909159,-0.012707,0.002469,0.416248
17.700000,3.407011,4.278320,-0.070755,-3.141358,2.755086,0.639167,0.903832,-0.012689,0.002332,0.427693
17.730000,3.312380,4.359592,-0.051155,-3.167402,2.663045,0.667517,0.898829,-0.014280,0.004911,0.438039
17.760000,3.216971,4.438017,-0.030798,-3.193221,2.565268,0.689586,0.893009,-0.015138,0.004989,0.449757
17.790000,3.120768,4.513414,-0.009913,-3.220257,2.461245,0.702790,0.887670,-0.017501,0.006538,0.460100
17.820000,3.023728,4.585622,0.011227,-3.249123,2.352575,0.706510,0.881335,-0.019920,0.006213,0.472031
17.850000,2.925773,4.654496,0.032335,-3.281219,2.239065,0.700721,0.875594,-0.022951,0.007851,0.482438
17.880000,2.826806,4.719920,0.053169,-3.316566,2.122508,0.688223,0.869122,-0.026998,0.008669,0.493785
17.910000,2.726735,4.781835,0.073486,-3.354816,2.005153,0.666222,0.862834,-0.027716,0.009391,0.504640
17.940000,2.625498,4.840229,0.092974,-3.394302,1.887783,0.632986,0.855834,-0.030100,0.010806,0.516261
17.970000,2.523046,4.895136,0.111303,-3.435850,1.772727,0.588916,0.849166,-0.031319,0.011748,0.527066
18.000000,2.419313,4.946653,0.128146,-3.479683,1.661705,0.533950,0.841545,-0.032972,0.012827,0.539027
18.030000,2.314218,4.994941,0.143196,-3.526662,1.557491,0.469398,0.834684,-0.033706,0.014078,0.549517
18.060000,2.207665,5.040248,0.156194,-3.576849,1.462950,0.397166,0.826996,-0.034119,0.015100,0.560969
18.090000,2.099516,5.082898,0.166942,-3.633121,1.380411,0.319356,0.820042,-0.034344,0.015681,0.571056
18.120000,1.989498,5.123273,0.175313,-3.701413,1.311243,0.238671,0.811682,-0.034864,0.015522,0.582851
18.150000,1.877163,5.161764,0.181272,-3.787532,1.254855,0.158599,0.802270,-0.035719,0.013870,0.595731
18.180000,1.761960,5.198780,0.184884,-3.892703,1.212889,0.082248,0.795093,-0.035720,0.014091,0.605270
18.210000,1.643460,5.234768,0.186302,-4.007312,1.186291,0.012256,0.787518,-0.034612,0.013571,0.615170
18.240000,1.521549,5.270138,0.185739,-4.120070,1.171707,-0.049811,0.780749,-0.032800,0.013399,0.623839
18.270000,1.396462,5.305169,0.183469,-4.219057,1.163719,-0.101490,0.772860,-0.029491,0.012689,0.633764
18.300000,1.268757,5.340009,0.179825,-4.294630,1.158908,-0.141438,0.771419,-0.024419,0.012635,0.635734
18.330000,1.139209,5.374634,0.175154,-4.341878,1.149454,-0.169969,0.763762,-0.019775,0.011243,0.645097
18.360000,1.008640,5.408740,0.169787,-4.362706,1.124241,-0.187866,0.758174,-0.016258,0.010068,0.651772
18.390000,0.877695,5.441785,0.164063,-4.366985,1.078783,-0.193704,0.751623,-0.012681,0.010423,0.659389
18.420000,0.746798,5.473097,0.158355,-4.359470,1.008648,-0.186801,0.746006,-0.008389,0.010887,0.665798
18.450000,0.616221,5.501890,0.153030,-4.345684,0.910894,-0.168249,0.740553,-0.003605,0.011546,0.671889
18.480000,0.486113,5.527308,0.148421,-4.328173,0.783689,-0.139021,0.735549,0.001208,0.010801,0.677385
18.510000,0.356559,5.548456,0.144818,-4.308760,0.626123,-0.101164,0.730450,0.006031,0.009321,0.682876
18.540000,0.227603,5.564412,0.142463,-4.288291,0.437619,-0.055801,0.725662,0.010661,0.006877,0.687935
18.570000,0.099202,5.574271,0.141540,-4.271793,0.219667,-0.005732,0.723638,0.014226,0.002101,0.690030
18.600000,-0.028488,5.577863,0.142032,-4.240842,0.019789,0.038495,0.696499,0.016951,-0.001052,0.717356
18.630000,-0.154927,5.575961,0.143650,-4.188456,-0.146580,0.069401,0.691620,0.016313,-0.004869,0.722061
18.660000,-0.279939,5.569174,0.146098,-4.145660,-0.305855,0.093754,0.683895,0.015910,-0.007643,0.729367
18.690000,-0.403726,5.557755,0.149176,-4.106846,-0.455463,0.111460,0.676086,0.015522,-0.009888,0.736593
18.720000,-0.526409,5.541989,0.152692,-4.071978,-0.595554,0.122984,0.668319,0.015059,-0.011679,0.743630
18.750000,-0.648106,5.522154,0.156470,-4.041146,-0.726819,0.128829,0.660604,0.014597,-0.013118,0.750478
18.780000,-0.768946,5.498505,0.160341,-4.014903,-0.849740,0.129285,0.652972,0.014325,-0.014323,0.757111
18.810000,-0.889075,5.471294,0.164158,-3.993659,-0.964381,0.125165,0.645108,0.013460,-0.015238,0.763820
18.840000,-1.008647,5.440775,0.167803,-3.977834,-1.070219,0.117823,0.636878,0.012430,-0.015998,0.770699
18.870000,-1.127817,5.407215,0.171187,-3.966841,-1.167079,0.107762,0.628291,0.011146,-0.016624,0.777721
18.900000,-1.246731,5.370877,0.174230,-3.960763,-1.255471,0.095128,0.619816,0.010332,-0.017017,0.784494
18.930000,-1.365525,5.332007,0.176860,-3.958829,-1.335881,0.080204,0.610997,0.009375,-0.017167,0.791391
18.960000,-1.484309,5.290845,0.179014,-3.960092,-1.408241,0.063398,0.601581,0.008264,-0.017123,0.798585
18.990000,-1.603158,5.247626,0.180642,-3.963142,-1.473026,0.045150,0.592180,0.007592,-0.017004,0.805591
19.020000,-1.722096,5.202539,0.181710,-3.966096,-1.532784,0.026006,0.583954,0.006510,-0.016430,0.811594
19.050000,-1.841087,5.155708,0.182200,-3.966599,-1.589280,0.006652,0.575306,0.006057,-0.015623,0.817767
19.080000,-1.960014,5.107209,0.182109,-3.961887,-1.643977,-0.012703,0.566657,0.004937,-0.014680,0.823808
19.110000,-2.078716,5.057083,0.181447,-3.951569,-1.697718,-0.031417,0.557878,0.004208,-0.013713,0.829799
19.140000,-2.197011,5.005339,0.180228,-3.934778,-1.751916,-0.049819,0.549235,0.003676,-0.012602,0.835565
19.170000,-2.314703,4.951949,0.178461,-3.911354,-1.807439,-0.068001,0.540104,0.002704,-0.011554,0.841515
19.200000,-2.431611,4.896866,0.176151,-3.882486,-1.864732,-0.086015,0.531147,0.001957,-0.010545,0.847212
19.230000,-2.547577,4.840022,0.173296,-3.848584,-1.924853,-0.104293,0.521914,0.001186,-0.009399,0.852945
19.260000,-2.662448,4.781319,0.169896,-3.809537,-1.988676,-0.122375,0.512662,0.000554,-0.007991,0.858553
19.290000,-2.776075,4.720645,0.165959,-3.765557,-2.056280,-0.140117,0.503141,0.000069,-0.006579,0.864179
19.320000,-2.888321,4.657889,0.161491,-3.717548,-2.127439,-0.157742,0.493880,-0.000292,-0.005124,0.869515
19.350000,-2.999080,4.592954,0.156495,-3.666364,-2.201581,-0.175332,0.484693,-0.000354,-0.003602,0.874677
19.380000,-3.108269,4.525761,0.150979,-3.612886,-2.277954,-0.192383,0.474900,-0.001197,-0.002593,0.880035
19.410000,-3.215838,4.456262,0.144970,-3.558404,-2.355282,-0.208221,0.465338,-0.001667,-0.001946,0.885130
19.440000,-3.321772,4.384440,0.138502,-3.503886,-2.432880,-0.222979,0.455435,-0.002229,-0.001377,0.890265
19.470000,-3.426064,4.310298,0.131613,-3.448899,-2.509946,-0.236304,0.445600,-0.002609,-0.000969,0.895228
